1458 780.0000000000001 1650 780.0000000000001 1650 1240 1458 1240 normal 0
166 410 311 410 311 683 166 683 normal 0
306 392.99999999999994 486 392.99999999999994 486 713 306 713 normal 0
468 390.00000000000006 735 390.00000000000006 735 745 468 745 normal 0
731 360 1088 360 1088 785 731 785 normal 0
1093 360 1435 360 1435 792.9999999999999 1093 792.9999999999999 normal 0
1446 415.00000000000006 1675 415.00000000000006 1675 780.0000000000001 1446 780.0000000000001 normal 0
1663 420 1772 420 1772 788 1663 788 normal 0
1771 473 1855 473 1855 781 1771 781 normal 0
108 655 230 655 230 968 108 968 normal 0
178 668 368 668 368 981.0000000000001 178 981.0000000000001 normal 0
1796 792.9999999999999 1838 792.9999999999999 1838 991 1796 991 normal 0
1746 785 1800 785 1800 1013 1746 1013 normal 0
1648 783 1747 783 1747 1088 1648 1088 normal 0
316 693 546 693 546 1181 316 1181 normal 0
541 740 798 740 798 1150 541 1150 normal 0
801 768 1038 768 1038 1173 801 1173 normal 0
1251 773.0000000000001 1450 773.0000000000001 1450 1178 1251 1178 normal 0
1033 773.0000000000001 1262 773.0000000000001 1262 1208 1033 1208 normal 0