595 184 856 184 856 488.00000000000006 595 488.00000000000006 cavity 0
348 200 607 200 607 516 348 516 cavity 0
849 218 1085 218 1085 512 849 512 cavity 0
192 237 370 237 370 526 192 526 cavity 0
1088 282 1285 282 1285 514 1088 514 cavity 0
131 299 226.00000000000003 299 226.00000000000003 573 131 573 normal 0
1166 507 1326 507 1326 688 1166 688 cavity 0
943.0000000000001 509.00000000000006 1167 509.00000000000006 1167 736 943.0000000000001 736 cavity 0
540 489 736 489 736 789 540 789 normal 0
741 480 946 480 946 812 741 812 cavity 0
406 507 575 507 575 786 406 786 normal 0
300 510 457 510 457 792 300 792 normal 0
217 533 354 533 354 801 217 801 normal 0
209 561 294 561 294 807 209 807 normal 0