669 366 909 366 909 615 669 615 cavity 0
424.99999999999994 333.99999999999994 672 333.99999999999994 672 647 424.99999999999994 647 cavity 0
255 356 440 356 440 638 255 638 cavity 0
909 384 1166 384 1166 629 909 629 cavity 0
1163 413.00000000000006 1405 413.00000000000006 1405 600 1163 600 cavity 0
1238 586 1417 586 1417 720.0000000000001 1238 720.0000000000001 cavity 0
1016.9999999999999 571 1251 571 1251 752 1016.9999999999999 752 normal 0
787 586 1016.9999999999999 586 1016.9999999999999 760 787 760 normal 0
591 594 793 594 793 766 591 766 normal 0
475 643 612 643 612 791.9999999999999 475 791.9999999999999 normal 0
373 633 475.99999999999994 633 475.99999999999994 808 373 808 cavity 0
299 649.9999999999999 389 649.9999999999999 389 804 299 804 cavity 0