1253 43 1457 43 1457 322 1253 322 normal 0
1088 36 1276 36 1276 336.99999999999994 1088 336.99999999999994 normal 0
839 41 1095 41 1095 345 839 345 normal 0
564 77 848 77 848 426 564 426 cavity 0
348 172 567 172 567 460 348 460 normal 0
131 241.99999999999997 348 241.99999999999997 348 473 131 473 normal 0
1274 310 1327 310 1327 417.00000000000006 1274 417.00000000000006 normal 0
996.0000000000001 319 1089 319 1089 477 996.0000000000001 477 normal 0
1213 319 1278 319 1278 478 1213 478 normal 0
1090 303 1210 303 1210 502 1090 502 normal 0
746 269 994 269 994 567 746 567 cavity 0
494.99999999999994 340.00000000000006 749 340.00000000000006 749 564 494.99999999999994 564 normal 0
320 399 490 399 490 520 320 520 normal 0