571 34 905 34 905 421.99999999999994 571 421.99999999999994 cavity 0
354 89 566 89 566 399 354 399 cavity 0
915 87 1256 87 1256 449.00000000000006 915 449.00000000000006 cavity 0
195 118 358 118 358 422.99999999999994 195 422.99999999999994 cavity 0
1257 121 1496 121 1496 435 1257 435 cavity 0
111 165 213 165 213 408 111 408 cavity 0
1489 140 1701 140 1701 450.00000000000006 1489 450.00000000000006 cavity 0
1735 245.00000000000003 1811 245.00000000000003 1811 439 1735 439 cavity 0
1663 217 1794 217 1794 475 1663 475 cavity 0
1158 337 1372 337 1372 586 1158 586 cavity 0
125 416.00000000000006 231 416.00000000000006 231 553 125 553 cavity 0
528 345 727 345 727 643 528 643 cavity 0
187 415.00000000000006 339 415.00000000000006 339 591 187 591 cavity 0
947.9999999999999 413.00000000000006 1151 413.00000000000006 1151 613 947.9999999999999 613 cavity 0
326 381 528 381 528 654 326 654 cavity 0
729 357 939 357 939 706 729 706 cavity 0
1546 437 1684 437 1684 640 1546 640 cavity 0
1673 433 1758 433 1758 645 1673 645 cavity 0
1365 431 1542 431 1542 754 1365 754 cavity 0