521 901 667 901 667 1157 521 1157 normal 0
667 963 851 963 851 1220 667 1220 normal 0
2006 977 2155 977 2155 1218 2006 1218 normal 0
863 992.9999999999999 1110 992.9999999999999 1110 1291 863 1291 normal 0
1840 1030 2010 1030 2010 1259 1840 1259 normal 0
1114 1044 1343 1044 1343 1316 1114 1316 normal 0
1352 1044 1607 1044 1607 1327 1352 1327 normal 0
1605 1075 1834.0000000000002 1075 1834.0000000000002 1304 1605 1304 normal 0
549 498.00000000000006 795 498.00000000000006 795 857 549 857 normal 0
2085 518 2303 518 2303 911 2085 911 normal 0
802.0000000000001 626 1055 626 1055 913 802.0000000000001 913 normal 0
1888 635 2094 635 2094 926 1888 926 normal 0
1058 613 1430.0000000000002 613 1430.0000000000002 1049 1058 1049 normal 0
1459 603 1871 603 1871 1067 1459 1067 normal 0