1708 299 1904 299 1904 648 1708 648 normal 0
1907 352.99999999999994 1971 352.99999999999994 1971 596 1907 596 normal 0
291 385 366 385 366 657 291 657 normal 0
1469 345.99999999999994 1709.0000000000002 345.99999999999994 1709.0000000000002 709 1469 709 normal 0
527 347 768 347 768 717 527 717 cavity 0
365 363 523 363 523 727.0000000000001 365 727.0000000000001 cavity 0
1115 364 1488.0000000000002 364 1488.0000000000002 793 1115 793 normal 0
752 375 1122 375 1122 807 752 807 normal 0
1563 592 1782.9999999999998 592 1782.9999999999998 873 1563 873 normal 0
515 676 734.0000000000001 676 734.0000000000001 872 515 872 normal 0
1361.0000000000002 666 1551 666 1551 918 1361.0000000000002 918 normal 0
723 661 941 661 941 931.0000000000001 723 931.0000000000001 normal 0
947 740 1138 740 1138 966 947 966 normal 0
1171 796 1367.9999999999998 796 1367.9999999999998 972 1171 972 normal 0