196 244.99999999999997 297 244.99999999999997 297 364 196 364 normal 0
266 263 371 263 371 371 266 371 normal 0
351 262 514 262 514 457 351 457 normal 0
1644 275 1718 275 1718 444 1644 444 normal 0
503.00000000000006 274 725 274 725 500 503.00000000000006 500 normal 0
1530 279 1660 279 1660 496.00000000000006 1530 496.00000000000006 normal 0
1356 291 1532 291 1532 532 1356 532 normal 0
715 314 1043 314 1043 577 715 577 normal 0
1046 346 1358 346 1358 591 1046 591 normal 0
360 411 522 411 522 557 360 557 normal 0
525 457 711 457 711 568 525 568 normal 0