1948 343 2033 343 2033 572 1948 572 normal 0
1804 323 1958 323 1958 631 1804 631 cavity 0
1590 365 1825 365 1825 673 1590 673 normal 0
395 404 525 404 525 634 395 634 cavity 0
1257 335 1597 335 1597 744 1257 744 cavity 0
517 414 675 414 675 696 517 696 cavity 0
909 371 1267 371 1267 740 909 740 cavity 0
672.0000000000001 406 906 406 906 722 672.0000000000001 722 cavity 0
464.99999999999994 659 541 659 541 742 464.99999999999994 742 cavity 0
1428 690.9999999999999 1642 690.9999999999999 1642 796 1428 796 normal 0
530 690.9999999999999 646 690.9999999999999 646 801.0000000000001 530 801.0000000000001 cavity 0
642 695 802 695 802 823 642 823 cavity 0
1220.9999999999998 720 1429 720 1429 860 1220.9999999999998 860 normal 0
791 716 1036 716 1036 868 791 868 normal 0
1018 725 1235.0000000000002 725 1235.0000000000002 868 1018 868 normal 0