280 125.00000000000001 366 125.00000000000001 366 182 280 182 normal 0
403 139 451 139 451 184.99999999999997 403 184.99999999999997 cavity 0
189 128 255 128 255 198 189 198 cavity 0
354 140 407 140 407 189 354 189 cavity 0
150 145 194 145 194 195.99999999999997 150 195.99999999999997 cavity 0
48 150 109 150 109 190 48 190 normal 0
108 145 152 145 152 199 108 199 cavity 0
401 176.00000000000003 452 176.00000000000003 452 205 401 205 normal 0
359 174.99999999999997 409 174.99999999999997 409 223 359 223 normal 0
311 178 366 178 366 237.99999999999997 311 237.99999999999997 normal 0
264 184 323 184 323 237.99999999999997 264 237.99999999999997 normal 0
39 183 107 183 107 238.99999999999997 39 238.99999999999997 normal 0
205 189 263 189 263 238.99999999999997 205 238.99999999999997 normal 0
120 187.00000000000003 167 187.00000000000003 167 247 120 247 normal 0
167 192 209 192 209 242 167 242 normal 0