284 115 338 115 338 163 284 163 cavity 0
97 142 136 142 136 178 97 178 cavity 0
277 155 319 155 319 187.99999999999997 277 187.99999999999997 cavity 0
99 176 140 176 140 206 99 206 cavity 0
255 184 294 184 294 221 255 221 normal 0
107.00000000000001 201 147 201 147 228 107.00000000000001 228 normal 0
236.99999999999997 210 276 210 276 237 236.99999999999997 237 normal 0
131 218 155 218 155 244 131 244 normal 0
207 222.99999999999997 245 222.99999999999997 245 250 207 250 normal 0
152 229 183 229 183 248 152 248 normal 0
223.99999999999997 8 269 8 269 42 223.99999999999997 42 normal 0
178 230 211.99999999999997 230 211.99999999999997 251 178 251 normal 0
164 8 223.99999999999997 8 223.99999999999997 46.99999999999999 164 46.99999999999999 normal 0
104 14 165 14 165 49 104 49 normal 0