98.00000000000001 115 144 115 144 192 98.00000000000001 192 cavity 0
134 108 208 108 208 206 134 206 cavity 0
534 120.00000000000001 617 120.00000000000001 617 204.99999999999997 534 204.99999999999997 normal 0
204 116 283 116 283 210.00000000000003 204 210.00000000000003 cavity 0
466 125 536 125 536 210.00000000000003 466 210.00000000000003 cavity 0
281 113.00000000000001 370 113.00000000000001 370 227.99999999999997 281 227.99999999999997 cavity 0
379.99999999999994 118 468 118 468 234 379.99999999999994 234 cavity 0
77 165 136 165 136 239 77 239 cavity 0
594 179 647 179 647 227 594 227 cavity 0
131 184 184 184 184 251 131 251 cavity 0
179.99999999999997 188 239 188 239 258 179.99999999999997 258 normal 0
550 201 599 201 599 251 550 251 cavity 0
494 195 547 195 547 258 494 258 cavity 0
365 188 424.99999999999994 188 424.99999999999994 270 365 270 cavity 0
427 197.99999999999997 495.99999999999994 197.99999999999997 495.99999999999994 265 427 265 cavity 0
237 207 300 207 300 264 237 264 normal 0
304 222 366.99999999999994 222 366.99999999999994 269 304 269 normal 0