235 85 311 85 311 143 235 143 cavity 0
127 94 233 94 233 194 127 194 cavity 0
597 98 692 98 692 210.00000000000003 597 210.00000000000003 cavity 0
664 117.00000000000001 744 117.00000000000001 744 210.00000000000003 664 210.00000000000003 cavity 0
69 120.00000000000001 165 120.00000000000001 165 229 69 229 cavity 0
31 178 108 178 108 252.00000000000003 31 252.00000000000003 cavity 0
415.00000000000006 236 484 236 484 318 415.00000000000006 318 cavity 0
614 240.00000000000003 693 240.00000000000003 693 320 614 320 cavity 0
184 251 260 251 260 311 184 311 cavity 0
335 239 412 239 412 323 335 323 cavity 0
487 234.00000000000003 560 234.00000000000003 560 329 487 329 cavity 0
262 238 337 238 337 329 262 329 cavity 0
554 237.00000000000003 640 237.00000000000003 640 334 554 334 cavity 0
669 268 765 268 765 354 669 354 cavity 0
120 283 189 283 189 356 120 356 cavity 0
59 291 143 291 143 350 59 350 cavity 0
529 69 597 69 597 120.00000000000001 529 120.00000000000001 cavity 0
430.99999999999994 71 512 71 512 122 430.99999999999994 122 cavity 0
323 79 409.99999999999994 79 409.99999999999994 120.00000000000001 323 120.00000000000001 cavity 0