496 949 720 949 720 1142 496 1142 normal 0
341 1046 509 1046 509 1195 341 1195 normal 0
202.99999999999997 1107 330 1107 330 1248 202.99999999999997 1248 normal 0
1251 353 1529 353 1529 744 1251 744 cavity 0
606 412.99999999999994 986 412.99999999999994 986 771.9999999999999 606 771.9999999999999 cavity 0
985 424 1280 424 1280 792 985 792 normal 0
306 590 668 590 668 1020 306 1020 normal 0
1248 790 1477 790 1477 930.0000000000001 1248 930.0000000000001 normal 0
161 718 340 718 340 1054 161 1054 normal 0
976 825 1230 825 1230 978 976 978 normal 0
11 779.9999999999999 183 779.9999999999999 183 1114 11 1114 cavity 0
711 861 977.9999999999999 861 977.9999999999999 1080 711 1080 normal 0