233.99999999999997 216 266 216 266 269 233.99999999999997 269 normal 0
253 217.00000000000003 296 217.00000000000003 296 290.99999999999994 253 290.99999999999994 normal 0
540 228 593 228 593 297 540 297 normal 0
286 221 340 221 340 306.00000000000006 286 306.00000000000006 normal 0
466.00000000000006 217.00000000000003 546 217.00000000000003 546 321.00000000000006 466.00000000000006 321.00000000000006 normal 0
389 226 479 226 479 327 389 327 normal 0
335 242 395 242 395 315 335 315 normal 0
296 297 344 297 344 338.00000000000006 296 338.00000000000006 normal 0
337 303 391 303 391 354.99999999999994 337 354.99999999999994 normal 0
381 308 437.00000000000006 308 437.00000000000006 354 381 354 normal 0
472.00000000000006 313 518 313 518 350 472.00000000000006 350 normal 0
431 314 480 314 480 356 431 356 normal 0