43 91 79 91 79 117.00000000000001 43 117.00000000000001 normal 0
182 91 212 91 212 118.99999999999999 182 118.99999999999999 normal 0
176 113 208 113 208 139 176 139 normal 0
46 115 85 115 85 139 46 139 normal 0
171 132 196 132 196 161 171 161 normal 0
65 134 90 134 90 161 65 161 normal 0
154.00000000000003 143 175 143 175 167 154.00000000000003 167 normal 0
87 143 109 143 109 168 87 168 normal 0
104 146 132 146 132 179 104 179 normal 0
130 148 159 148 159 179 130 179 normal 0
187 28 226 28 226 64 187 64 cavity 0
24.000000000000004 31 61 31 61 67 24.000000000000004 67 cavity 0
185 58 222 58 222 98.00000000000001 185 98.00000000000001 cavity 0
28 59.99999999999999 71 59.99999999999999 71 99.00000000000001 28 99.00000000000001 cavity 0