164 89 179 89 179 113 164 113 normal 0
184 94 199 94 199 110 184 110 normal 0
174 91 187 91 187 115 174 115 normal 0
68 92 81 92 81 115 68 115 normal 0
58 93 69 93 69 116 58 116 normal 0
179 94 188 94 188 116 179 116 normal 0
162 124 174 124 174 135 162 135 normal 0
75 124 90 124 90 136 75 136 normal 0
88 121.00000000000001 103 121.00000000000001 103 140 88 140 normal 0
135 121.00000000000001 151 121.00000000000001 151 140 135 140 normal 0
122 117 139 117 139 145 122 145 normal 0
149 123 164 123 164 140 149 140 normal 0
99 121.00000000000001 113 121.00000000000001 113 142 99 142 normal 0
110 122 126 122 126 144 110 144 normal 0
87 84 105 84 105 110 87 110 normal 0
126 83 150 83 150 112 126 112 normal 0
103 83 127 83 127 112 103 112 normal 0
150 86 166 86 166 112 150 112 normal 0
73 89 91 89 91 110 73 110 normal 0