201 96 245 96 245 181.99999999999997 201 181.99999999999997 normal 0
232 124 275 124 275 216 232 216 normal 0
263 130 315 130 315 249 263 249 normal 0
299 117 381 117 381 265 299 265 normal 0
364 137 452 137 452 268 364 268 normal 0
854 166 893.9999999999999 166 893.9999999999999 243.99999999999997 854 243.99999999999997 normal 0
435 147 553 147 553 303 435 303 normal 0
538 146 658 146 658 307 538 307 normal 0
640 166 734 166 734 297 640 297 normal 0
717 160 798 160 798 303 717 303 normal 0
817 184 860 184 860 281 817 281 normal 0
782 179 832 179 832 292 782 292 normal 0
233 267 339 267 339 326 233 326 normal 0
268 304 371 304 371 369 268 369 normal 0
743 301 840 301 840 385.00000000000006 743 385.00000000000006 normal 0
306 354.00000000000006 367 354.00000000000006 367 413 306 413 normal 0
749 360 818 360 818 432 749 432 normal 0
346 374 420 374 420 431 346 431 normal 0
716 373.00000000000006 778 373.00000000000006 778 454 716 454 normal 0
405 387 488 387 488 481 405 481 normal 0
661 391 736 391 736 475.99999999999994 661 475.99999999999994 normal 0
462 397.00000000000006 546 397.00000000000006 546 498 462 498 normal 0
597 403 673 403 673 494 597 494 normal 0
534 413 615 413 615 497 534 497 normal 0