819 126 869 126 869 183 819 183 normal 0
783 130 828 130 828 184 783 184 normal 0
862 131 900 131 900 183 862 183 normal 0
756 137 786 137 786 186 756 186 normal 0
895 145 927 145 927 188 895 188 normal 0
727 149 759 149 759 193 727 193 normal 0
912 155 940 155 940 198 912 198 normal 0
710 164 734 164 734 198.99999999999997 710 198.99999999999997 normal 0
930 164 952 164 952 202 930 202 normal 0
705 181.99999999999997 724 181.99999999999997 724 213.00000000000003 705 213.00000000000003 normal 0
686 188 710 188 710 212 686 212 normal 0
868 204 899 204 899 227 868 227 normal 0
748 211 773 211 773 222 748 222 normal 0
815 204 846 204 846 230.00000000000003 815 230.00000000000003 normal 0
771 207 794 207 794 228 771 228 normal 0
793 203 819 203 819 232 793 232 normal 0
837 204 872 204 872 231 837 231 normal 0