87 86 109 86 109 114.99999999999999 87 114.99999999999999 normal 0
157 94 166 94 166 108 157 108 normal 0
76 93 95 93 95 118.00000000000001 76 118.00000000000001 normal 0
149 99 162 99 162 114.00000000000001 149 114.00000000000001 normal 0
142 105 158 105 158 122.00000000000001 142 122.00000000000001 normal 0
66 103 83 103 83 125 66 125 normal 0
136 108 150 108 150 126.00000000000001 136 126.00000000000001 normal 0
61.00000000000001 109 77 109 77 126.00000000000001 61.00000000000001 126.00000000000001 normal 0
126.00000000000001 112 142 112 142 131 126.00000000000001 131 normal 0
56 114.99999999999999 70 114.99999999999999 70 130 56 130 normal 0
51 118.00000000000001 62 118.00000000000001 62 131 51 131 normal 0
118.00000000000001 116 130 116 130 138 118.00000000000001 138 normal 0
107 122.00000000000001 122.00000000000001 122.00000000000001 122.00000000000001 141 107 141 normal 0
96 125 112 125 112 143 96 143 normal 0
88 130 102 130 102 146 88 146 normal 0
80 130 90 130 90 147 80 147 normal 0
72 133 82 133 82 145 72 145 normal 0
154 67 164 67 164 89 154 89 normal 0
148 70 156 70 156 90 148 90 normal 0
141 69 152 69 152 94 141 94 normal 0
131 72 143 72 143 97 131 97 normal 0
118.00000000000001 75 135 75 135 99 118.00000000000001 99 normal 0
102 81 125 81 125 109 102 109 normal 0