115 50.99999999999999 122 50.99999999999999 122 66 115 66 normal 0
121 56 128 56 128 71 121 71 normal 0
215 58 224 58 224 71 215 71 normal 0
213 58 220 58 220 76 213 76 normal 0
127 58 137 58 137 76 127 76 normal 0
134 58 146 58 146 79 134 79 normal 0
204 61 216 61 216 80 204 80 normal 0
191 58.99999999999999 206 58.99999999999999 206 83 191 83 normal 0
144 62 160 62 160 83 144 83 normal 0
176 64 194 64 194 87 176 87 normal 0
158 64 177 64 177 86 158 86 normal 0
152 81 164 81 164 89 152 89 normal 0
176 84 186 84 186 90 176 90 normal 0
164 84 175 84 175 89 164 89 normal 0