122 94 138 94 138 107 122 107 normal 0
100 62 117 62 117 92 100 92 normal 0
201 68 209 68 209 86 201 86 normal 0
82 64 92 64 92 90 82 90 normal 0
159 63 177 63 177 93 159 93 normal 0
112 63 139 63 139 94 112 94 normal 0
186 66 198 66 198 89 186 89 normal 0
174 64 188 64 188 92 174 92 normal 0
136 62 163 62 163 94 136 94 normal 0
90 65 102 65 102 93 90 93 normal 0
193 70 201 70 201 90 193 90 normal 0
92 88 102 88 102 98.00000000000001 92 98.00000000000001 normal 0
181 91 191 91 191 96 181 96 normal 0
174 92 186 92 186 100.00000000000001 174 100.00000000000001 normal 0
102 90 113 90 113 100.99999999999999 102 100.99999999999999 normal 0
162.00000000000003 92 174 92 174 101.99999999999999 162.00000000000003 101.99999999999999 normal 0
110 92 125 92 125 104 110 104 normal 0
151 91 165 91 165 104 151 104 normal 0
136 91 154 91 154 107 136 107 normal 0