252 82 279 82 279 129 252 129 normal 0
222 76 269 76 269 146 222 146 normal 0
0 96 15 96 15 127 0 127 normal 0
9 95 28 95 28 130 9 130 normal 0
19 89 57 89 57 149 19 149 cavity 0
175 86 226 86 226 152 175 152 cavity 0
48 87 97 87 97 153 48 153 cavity 0
96 93.00000000000001 139 93.00000000000001 139 153 96 153 normal 0
139 92.00000000000001 180 92.00000000000001 180 155 139 155 normal 0
210.00000000000003 1 263 1 263 85 210.00000000000003 85 normal 0
253 12 283 12 283 88 253 88 normal 0
148.00000000000003 9 218 9 218 95 148.00000000000003 95 normal 0
82.99999999999999 4 156 4 156 99 82.99999999999999 99 normal 0
33 17 87 17 87 92.00000000000001 33 92.00000000000001 normal 0
3 21 41 21 41 96 3 96 cavity 0