196 93.00000000000001 215 93.00000000000001 215 112.00000000000001 196 112.00000000000001 normal 0
94 95.00000000000001 111.99999999999999 95.00000000000001 111.99999999999999 121 94 121 normal 0
188 98.99999999999999 206 98.99999999999999 206 120 188 120 normal 0
110 100 125 100 125 125.00000000000001 110 125.00000000000001 normal 0
175 102 194 102 194 123 175 123 normal 0
122 103 144 103 144 130 122 130 normal 0
155 104 175 104 175 130 155 130 normal 0
138 105 160 105 160 131 138 131 normal 0
54 26 64 26 64 46 54 46 normal 0
61 28.999999999999996 73 28.999999999999996 73 56.99999999999999 61 56.99999999999999 normal 0
69 32 82 32 82 63 69 63 normal 0
78 28.000000000000004 99 28.000000000000004 99 68 78 68 normal 0
222 43 235 43 235 63 222 63 normal 0
97 36 118 36 118 71 97 71 normal 0
116 36 146 36 146 80 116 80 normal 0
173 42 192 42 192 76 173 76 normal 0
213 50 228 50 228 71 213 71 normal 0
205 47 217 47 217 74 205 74 normal 0
141 41 172 41 172 81 141 81 normal 0
188 41 208 41 208 80 188 80 normal 0
63 70 85 70 85 88 63 88 normal 0
73 84 97 84 97 96.99999999999999 73 96.99999999999999 normal 0
203 82 225.00000000000003 82 225.00000000000003 102 203 102 normal 0
81 90 99 90 99 109 81 109 normal 0