100 82 131 82 131 119 100 119 normal 0
119 88 160 88 160 130 119 130 normal 0
199 100 219 100 219 132 199 132 normal 0
151 98 186 98 186 135 151 135 normal 0
175 101 202 101 202 136 175 136 normal 0
86 118 109.99999999999999 118 109.99999999999999 138 86 138 normal 0
106 124 133 124 133 142 106 142 normal 0
129 130 149 130 149 148 129 148 normal 0
144 131 163 131 163 149 144 149 normal 0
175 134 198 134 198 150 175 150 normal 0
157.99999999999997 133 178 133 178 155 157.99999999999997 155 normal 0
406 164 422 164 422 190 406 190 normal 0
424 163 441 163 441 200.99999999999997 424 200.99999999999997 normal 0
413 169 427 169 427 195 413 195 normal 0
436 172 458 172 458 206.99999999999997 436 206.99999999999997 normal 0
450 177 482 177 482 218.00000000000003 450 218.00000000000003 normal 0
476 181 504 181 504 221 476 221 normal 0
518 185 542 185 542 221 518 221 normal 0
500 186 523 186 523 220.00000000000003 500 220.00000000000003 normal 0
543 193 555 193 555 220.00000000000003 543 220.00000000000003 normal 0
549 194 569 194 569 220.00000000000003 549 220.00000000000003 normal 0
533 197 546 197 546 221 533 221 normal 0
49 74 67 74 67 109.00000000000001 49 109.00000000000001 normal 0
65 78 83 78 83 109.00000000000001 65 109.00000000000001 normal 0
77 76 106 76 106 113.99999999999999 77 113.99999999999999 normal 0