45 111.99999999999999 62 111.99999999999999 62 134 45 134 normal 0
54 122.99999999999999 81 122.99999999999999 81 146 54 146 normal 0
184 128 204 128 204 161 184 161 normal 0
66 132 85 132 85 160 66 160 normal 0
80 132 99 132 99 165 80 165 normal 0
172 135 191 135 191 163 172 163 normal 0
96 134 120 134 120 171 96 171 normal 0
151.99999999999997 135 174 135 174 170 151.99999999999997 170 normal 0
136 141 160 141 160 171 136 171 normal 0
115 141 141 141 141 172 115 172 normal 0
148 35 182 35 182 78 148 78 normal 0
114 34 150 34 150 78 114 78 normal 0
92 41 116.99999999999999 41 116.99999999999999 77 92 77 normal 0
178 41 200 41 200 80 178 80 normal 0
75.99999999999999 38 98 38 98 87 75.99999999999999 87 normal 0
196 43 215 43 215 86 196 86 normal 0
66 51 83 51 83 94 66 94 normal 0
59 57 69 57 69 88 59 88 normal 0
210 57 223 57 223 95 210 95 normal 0
49 62 61 62 61 93 49 93 normal 0