0 82 22 82 22 120.99999999999999 0 120.99999999999999 normal 0
203 130 221 130 221 152 203 152 normal 0
181 129 209 129 209 155 181 155 normal 0
166 128 189 128 189 158 166 158 normal 0
139.99999999999997 132 173.00000000000003 132 173.00000000000003 157 139.99999999999997 157 normal 0
107 134 143 134 143 159 107 159 normal 0
200 31 229.99999999999997 31 229.99999999999997 88 200 88 normal 0
226 34 237 34 237 84 226 84 normal 0
165 29.999999999999996 205 29.999999999999996 205 90 165 90 normal 0
129 40 171 40 171 91 129 91 normal 0
91 44 136 44 136 101.99999999999999 91 101.99999999999999 normal 0
54 69 98 69 98 112 54 112 normal 0
17 76 58 76 58 118.99999999999999 17 118.99999999999999 normal 0