32 83 57 83 57 118.00000000000001 32 118.00000000000001 cavity 0
261 89 275 89 275 113 261 113 cavity 0
238 91 263 91 263 115 238 115 normal 0
222 88 246 88 246 123 222 123 cavity 0
161 83 191 83 191 128 161 128 normal 0
54 87 85 87 85 126 54 126 cavity 0
136 85 161 85 161 128 136 128 normal 0
111 86 137 86 137 129 111 129 normal 0
189 83 223 83 223 132 189 132 cavity 0
85 86 110 86 110 132 85 132 normal 0
87 37 132 37 132 93 87 93 normal 0
129 40 176 40 176 92 129 92 normal 0
37 44 64 44 64 90 37 90 cavity 0
172 45 208 45 208 89 172 89 normal 0
60 44 90 44 90 93 60 93 normal 0
14 52 27 52 27 86 14 86 normal 0
205 47 238 47 238 91 205 91 cavity 0
3.0000000000000004 54 17 54 17 85 3.0000000000000004 85 normal 0
22 54 43 54 43 88 22 88 normal 0
236 54 259 54 259 92 236 92 cavity 0
255 57 272 57 272 91 255 91 normal 0
2 84 24.000000000000004 84 24.000000000000004 109 2 109 normal 0
21 87 37 87 37 112 21 112 normal 0