201.00000000000003 88.00000000000001 217.99999999999997 88.00000000000001 217.99999999999997 112 201.00000000000003 112 normal 0
86 87 110 87 110 117.99999999999999 86 117.99999999999999 cavity 0
187 91 207 91 207 116 187 116 normal 0
169.00000000000003 87 193 87 193 122 169.00000000000003 122 normal 0
149 89 174 89 174 124 149 124 normal 0
106 91 131 91 131 123 106 123 cavity 0
127 90 148 90 148 124 127 124 cavity 0
46 56 58 56 58 78 46 78 cavity 0
54 57 67 57 67 87 54 87 cavity 0
148 53 180 53 180 94 148 94 normal 0
174 55 205 55 205 92.99999999999999 174 92.99999999999999 normal 0
213 58 230 58 230 90 213 90 normal 0
116 52.00000000000001 149 52.00000000000001 149 97 116 97 cavity 0
71 56 98 56 98 94 71 94 cavity 0
61 58 78 58 78 94 61 94 cavity 0
91 57 120 57 120 96 91 96 cavity 0
199 58 222 58 222 95.00000000000001 199 95.00000000000001 normal 0
44 79 67 79 67 95.00000000000001 44 95.00000000000001 cavity 0
223 84 236 84 236 98 223 98 normal 0
60 87 78 87 78 106 60 106 cavity 0
214 90 225 90 225 106 214 106 normal 0
71 87 92 87 92 110 71 110 cavity 0