110 100 122 100 122 134 110 134 normal 0
120 102 130 102 130 142 120 142 normal 0
314 107 334 107 334 137 314 137 normal 0
128 106 139 106 139 149 128 149 normal 0
301 106 318 106 318 152 301 152 normal 0
136 105 158 105 158 161 136 161 normal 0
276 108 306 108 306 161 276 161 normal 0
249.99999999999997 115 284 115 284 167 249.99999999999997 167 normal 0
155 119 184 119 184 165 155 165 normal 0
179 123 220 123 220 172 179 172 normal 0
215 125 256 125 256 172 215 172 normal 0
255 161 285 161 285 175 255 175 normal 0
237 168 262 168 262 186 237 186 normal 0
218 173 241 173 241 186 218 186 normal 0
191 172 219 172 219 190 191 190 normal 0