238 190 262 190 262 230.00000000000003 238 230.00000000000003 normal 0
555 206 576 206 576 239 555 239 normal 0
250.99999999999997 203 276 203 276 245.99999999999997 250.99999999999997 245.99999999999997 normal 0
537 206.99999999999997 562 206.99999999999997 562 252 537 252 normal 0
266 206 291 206 291 265 266 265 normal 0
281 204.00000000000003 324 204.00000000000003 324 269 281 269 normal 0
517 212 544 212 544 263 517 263 normal 0
494.00000000000006 206 533 206 533 278 494.00000000000006 278 normal 0
311 208 360 208 360 283 311 283 normal 0
455.99999999999994 210 501 210 501 287 455.99999999999994 287 normal 0
351 214 413 214 413 295 351 295 normal 0
401 218 465.00000000000006 218 465.00000000000006 300 401 300 normal 0
254 242 278 242 278 280 254 280 normal 0
269 259 301 259 301 293 269 293 normal 0
508 258 542 258 542 315 508 315 normal 0
281 272 321 272 321 311 281 311 normal 0
492 276 522 276 522 319 492 319 normal 0
305 283 343 283 343 328 305 328 normal 0
471 281 501 281 501 333.00000000000006 471 333.00000000000006 normal 0
433 294 480 294 480 340 433 340 normal 0
335 297 376 297 376 340 335 340 normal 0
370 298 409 298 409 345 370 345 normal 0
401 301 447 301 447 345 401 345 normal 0