270 73 275 73 275 84 270 84 normal 0
191 72 201 72 201 88 191 88 normal 0
263 74 272 74 272 89 263 89 normal 0
203 73 213 73 213 91 203 91 normal 0
199 74 205 74 205 90 199 90 normal 0
256 73 267 73 267 91 256 91 normal 0
246 73 258 73 258 91 246 91 normal 0
210.99999999999997 75 221 75 221 91 210.99999999999997 91 normal 0
219 74 235 74 235 92 219 92 normal 0
234 74 248.99999999999997 74 248.99999999999997 92 234 92 normal 0
253 89 263 89 263 94 253 94 normal 0
209 89 222 89 222 95 209 95 normal 0
246 90 254 90 254 95 246 95 normal 0
228 90 238 90 238 97 228 97 normal 0
220 91 229 91 229 96 220 96 normal 0
237 91 247 91 247 97 237 97 normal 0