375 294 403 294 403 339 375 339 normal 0
335 300 376 300 376 351 335 351 normal 0
282 299 336 299 336 356 282 356 normal 0
254 311 285 311 285 354 254 354 normal 0
228.99999999999997 320 252.99999999999997 320 252.99999999999997 354 228.99999999999997 354 normal 0
374 334 394 334 394 362 374 362 normal 0
349 343 375 343 375 376 349 376 normal 0
321 348 348 348 348 382 321 382 normal 0
235.00000000000003 354 262 354 262 384 235.00000000000003 384 normal 0
292 356 321 356 321 388 292 388 normal 0
261 354 291 354 291 393 261 393 normal 0