88 90 118 90 118 120.99999999999999 88 120.99999999999999 normal 0
130 101.99999999999999 149 101.99999999999999 149 117.00000000000001 130 117.00000000000001 normal 0
74 95 99 95 99 127 74 127 normal 0
114.99999999999999 110 136 110 136 124 114.99999999999999 124 normal 0
63 105 85 105 85 132 63 132 normal 0
99 115 119 115 119 129 99 129 normal 0
60 114 73 114 73 133 60 133 normal 0
90 124 105 124 105 135 90 135 normal 0
179 31 194 31 194 50.99999999999999 179 50.99999999999999 normal 0
172 36 189 36 189 65 172 65 normal 0
162 42 183 42 183 73 162 73 normal 0
145 50.99999999999999 177 50.99999999999999 177 82 145 82 normal 0
125 61 161 61 161 95 125 95 normal 0
166 75 182 75 182 83 166 83 normal 0
155 83 172 83 172 95 155 95 normal 0
105 73 141 73 141 109 105 109 normal 0
143 92 160 92 160 106 143 106 normal 0