76 94 94 94 94 106 76 106 normal 0
103 94 119 94 119 108 103 108 normal 0
87 96 107 96 107 109.00000000000001 87 109.00000000000001 normal 0
15 42 27 42 27 64 15 64 normal 0
25 48 36 48 36 70 25 70 normal 0
33 49 47 49 47 77 33 77 normal 0
43 49 61 49 61 83 43 83 normal 0
59 55.00000000000001 78 55.00000000000001 78 86 59 86 normal 0
138 64 153 64 153 88 138 88 normal 0
77 62 99 62 99 91 77 91 normal 0
119 64 133 64 133 93 119 93 normal 0
127 63 142 63 142 94 127 94 normal 0
95 65 120 65 120 95 95 95 normal 0
49 83 68 83 68 96 49 96 normal 0
62 91 80 91 80 102 62 102 normal 0
116 90 134 90 134 104 116 104 normal 0