508.99999999999994 87 546 87 546 191 508.99999999999994 191 normal 0
485 111 532 111 532 206 485 206 normal 0
429 121 505 121 505 239 429 239 normal 0
336 155 446 155 446 264 336 264 normal 0
269 191 359.00000000000006 191 359.00000000000006 281 269 281 normal 0
187 200 283 200 283 305 187 305 normal 0
132 235 205.99999999999997 235 205.99999999999997 318 132 318 normal 0
429 268 482 268 482 303 429 303 normal 0
69 249 148 249 148 324 69 324 normal 0
30.999999999999996 262 87 262 87 328 30.999999999999996 328 normal 0
379.99999999999994 275 440 275 440 331 379.99999999999994 331 normal 0
319 302 392.00000000000006 302 392.00000000000006 342 319 342 normal 0