165 61 179 61 179 74 165 74 normal 0
109 63 119 63 119 72 109 72 normal 0
120 63 130 63 130 74 120 74 normal 0
173.00000000000003 63 186 63 186 73 173.00000000000003 73 normal 0
148 61 166 61 166 77 148 77 normal 0
131 62 149 62 149 78 131 78 normal 0
107 79 114.99999999999999 79 114.99999999999999 89 107 89 normal 0
171 80 182 80 182 88 171 88 normal 0
114 81 125 81 125 92 114 92 normal 0
164 84 174 84 174 94 164 94 normal 0
122 86 135 86 135 93 122 93 normal 0
145 86 156 86 156 96 145 96 normal 0
134 87 147 87 147 96 134 96 normal 0
154.00000000000003 87 167 87 167 98.00000000000001 154.00000000000003 98.00000000000001 normal 0