216 108 256 108 256 145 216 145 normal 0
177 116 213 116 213 138 177 138 normal 0
46 111.99999999999999 84 111.99999999999999 84 142 46 142 normal 0
0 112.99999999999999 19 112.99999999999999 19 147 0 147 normal 0
13 112.99999999999999 51 112.99999999999999 51 151 13 151 normal 0
240 31 266 31 266 120 240 120 normal 0
72 31 142 31 142 125.99999999999999 72 125.99999999999999 normal 0
199 45 243 45 243 116 199 116 normal 0
28 45 75 45 75 117 28 117 normal 0
135.00000000000003 39 207 39 207 125.99999999999999 135.00000000000003 125.99999999999999 normal 0
0 48 31 48 31 125.00000000000001 0 125.00000000000001 normal 0