167 84 192.00000000000003 84 192.00000000000003 123 167 123 normal 0
90 88 112 88 112 122 90 122 normal 0
138 90 170 90 170 130 138 130 normal 0
107 93 141 93 141 131 107 131 normal 0
172 113 196 113 196 125 172 125 normal 0
84 112 101 112 101 128 84 128 normal 0
96.00000000000001 119.99999999999999 119 119.99999999999999 119 134 96.00000000000001 134 normal 0
155 122 181 122 181 136 155 136 normal 0
117 126 142 126 142 136 117 136 normal 0
137 124 156 124 156 139 137 139 normal 0
49 73 62 73 62 98.00000000000001 49 98.00000000000001 normal 0
206 75 224 75 224 102.99999999999999 206 102.99999999999999 normal 0
60 78 75 78 75 107 60 107 normal 0
188 81 210.99999999999997 81 210.99999999999997 115 188 115 normal 0
72 81 92 81 92 117.00000000000001 72 117.00000000000001 normal 0