104 80 130 80 130 121.00000000000001 104 121.00000000000001 cavity 0
132 82 155 82 155 118.99999999999999 132 118.99999999999999 cavity 0
41 90 58.00000000000001 90 58.00000000000001 115 41 115 cavity 0
82 84 105 84 105 121.00000000000001 82 121.00000000000001 cavity 0
68 85.99999999999999 82.99999999999999 85.99999999999999 82.99999999999999 123 68 123 cavity 0
52.99999999999999 91 71 91 71 120 52.99999999999999 120 cavity 0
169 41 193 41 193 78 169 78 cavity 0
130 36 169 36 169 84 130 84 cavity 0
210 46 228 46 228 74 210 74 cavity 0
193 41 214 41 214 78 193 78 cavity 0
96 37 130 37 130 87 96 87 cavity 0
73 51 98 51 98 84 73 84 cavity 0
54 51 76 51 76 89 54 89 cavity 0
48 62.99999999999999 64 62.99999999999999 64 87 48 87 cavity 0
216 83 238 83 238 103 216 103 cavity 0
195 81 221 81 221 111 195 111 cavity 0
180 79 203 79 203 115 180 115 cavity 0
160 81 183 81 183 118 160 118 cavity 0