316 138 351 138 351 190 316 190 cavity 0
0 139 29 139 29 193 0 193 normal 0
218 140 261 140 261 194 218 194 normal 0
291 139 337 139 337 199 291 199 normal 0
9 135 57 135 57 202 9 202 normal 0
95.00000000000001 145 138 145 138 200 95.00000000000001 200 normal 0
258 139 307 139 307 214 258 214 normal 0
180 148 227 148 227 209 180 209 normal 0
138 149 181.00000000000003 149 181.00000000000003 215 138 215 normal 0
48 138 96 138 96 228 48 228 normal 0
252.99999999999997 29.999999999999996 305 29.999999999999996 305 98 252.99999999999997 98 normal 0
109 33 185 33 185 102 109 102 normal 0
185 35 255 35 255 101 185 101 normal 0
54 37 110 37 110 101 54 101 normal 0
303 29 348 29 348 109 303 109 normal 0
10 31 56 31 56 109 10 109 normal 0
0 50 23 50 23 115 0 115 normal 0