210 0 233 0 233 34 210 34 cavity 0
0 12 29 12 29 55 0 55 normal 0
226 21 251 21 251 50.00000000000001 226 50.00000000000001 cavity 0
245 43 267 43 267 67 245 67 cavity 0
3.0000000000000004 48 36 48 36 94 3.0000000000000004 94 normal 0
229.99999999999997 62 262 62 262 100.00000000000001 229.99999999999997 100.00000000000001 cavity 0
148 65 194 65 194 111 148 111 cavity 0
24.000000000000004 70 54 70 54 108 24.000000000000004 108 normal 0
185 70 229 70 229 117.00000000000001 185 117.00000000000001 cavity 0
119 76 149 76 149 117.00000000000001 119 117.00000000000001 cavity 0
87 76 121 76 121 118.00000000000001 87 118.00000000000001 cavity 0
50 76 87 76 87 117.00000000000001 50 117.00000000000001 normal 0