1018.0000000000001 145 1192 145 1192 264 1018.0000000000001 264 cavity 0
6 166 213 166 213 269 6 269 cavity 0
102.00000000000001 228 230.00000000000003 228 230.00000000000003 345 102.00000000000001 345 cavity 0
975 231 1084 231 1084 345 975 345 cavity 0
170.99999999999997 231 272 231 272 367 170.99999999999997 367 cavity 0
862 241 980 241 980 366 862 366 cavity 0
731 246 862 246 862 373 731 373 cavity 0
620.0000000000001 290 739 290 739 345 620.0000000000001 345 cavity 0
380 263 510 263 510 391 380 391 cavity 0
266 254.00000000000003 385.00000000000006 254.00000000000003 385.00000000000006 405 266 405 cavity 0
513 276 625.9999999999999 276 625.9999999999999 390 513 390 cavity 0
1131 0 1197 0 1197 91 1131 91 cavity 0
0 0 59 0 59 101 0 101 cavity 0
1060 0 1145 0 1145 114 1060 114 cavity 0
32 0 130 0 130 116.99999999999999 32 116.99999999999999 cavity 0
947 0 1074 0 1074 123.99999999999999 947 123.99999999999999 cavity 0
0 540 83 540 83 711 0 711 normal 0
78.99999999999999 531 230.00000000000003 531 230.00000000000003 728 78.99999999999999 728 normal 0
1128 549 1200 549 1200 717 1128 717 normal 0
232 558 383 558 383 736 232 736 normal 0
1008 549 1135 549 1135 745 1008 745 normal 0
835 561 1009 561 1009 748 835 748 normal 0
625 25 781.9999999999999 25 781.9999999999999 108 625 108 cavity 0
804 16 954 16 954 116 804 116 cavity 0
625 558 844 558 844 762 625 762 normal 0
396 567 621 567 621 769 396 769 normal 0
247 32 379 32 379 115.00000000000001 247 115.00000000000001 cavity 0
406 3 597 3 597 148 406 148 cavity 0
0 707 86 707 86 828 0 828 normal 0
120 21 259 21 259 135 120 135 cavity 0
1104 706 1181 706 1181 837 1104 837 normal 0
78.99999999999999 728 192 728 192 835 78.99999999999999 835 normal 0
1044 736 1113 736 1113 834 1044 834 normal 0
192 701 351 701 351 875 192 875 normal 0
344 724 491 724 491 864 344 864 normal 0
890 720 1033 720 1033 872 890 872 normal 0
749 737 900 737 900 866 749 866 normal 0
496 749 623 749 623 864 496 864 normal 0
633 757 746 757 746 865 633 865 normal 0