93 95 108 95 108 107 93 107 cavity 0
144 93 164 93 164 109 144 109 cavity 0
124.99999999999999 95 142 95 142 108 124.99999999999999 108 cavity 0
109 96 124.99999999999999 96 124.99999999999999 107 109 107 cavity 0
195 74 214 74 214 90 195 90 cavity 0
172.00000000000003 80 189 80 189 92 172.00000000000003 92 cavity 0
144 78 166 78 166 94.00000000000001 144 94.00000000000001 cavity 0
116 87 135 87 135 97 116 97 cavity 0
182 87 202 87 202 101 182 101 cavity 0
75 90 93 90 93 104.99999999999999 75 104.99999999999999 cavity 0
163 92 182 92 182 104.99999999999999 163 104.99999999999999 cavity 0