261 93 290 93 290 115 261 115 cavity 0
29 94 69 94 69 122 29 122 cavity 0
234 102 266 102 266 139 234 139 cavity 0
44.99999999999999 108 82 108 82 148 44.99999999999999 148 cavity 0
198 111.00000000000001 234 111.00000000000001 234 153 198 153 normal 0
84.99999999999999 114 119 114 119 152 84.99999999999999 152 cavity 0
157 117 199 117 199 156 157 156 normal 0
120 119 157 119 157 157 120 157 normal 0
252 51 294 51 294 93 252 93 cavity 0
215 53 255 53 255 91.00000000000001 215 91.00000000000001 cavity 0
162 50 216 50 216 97 162 97 cavity 0
87 51 153 51 153 99.00000000000001 87 99.00000000000001 cavity 0
17 55 57 55 57 97 17 97 normal 0
1 66 21 66 21 87.00000000000001 1 87.00000000000001 cavity 0
55.00000000000001 63 93 63 93 94 55.00000000000001 94 cavity 0