184 97 196 97 196 109 184 109 normal 0
91 94 108 94 108 112 91 112 normal 0
176 94 188 94 188 115 176 115 normal 0
107 96 125 96 125 115 107 115 cavity 0
124 100.99999999999999 144 100.99999999999999 144 116 124 116 normal 0
157 100.00000000000001 177 100.00000000000001 177 118.00000000000001 157 118.00000000000001 normal 0
142 104 160 104 160 119.99999999999999 142 119.99999999999999 normal 0
60 83 71 83 71 94 60 94 cavity 0
69.99999999999999 83 85 83 85 97 69.99999999999999 97 cavity 0
178 83 195 83 195 100.00000000000001 178 100.00000000000001 cavity 0
89 82 104 82 104 100.99999999999999 89 100.99999999999999 cavity 0
156 84 179 84 179 100.00000000000001 156 100.00000000000001 cavity 0
191 85 205 85 205 100.00000000000001 191 100.00000000000001 cavity 0
106 84 130 84 130 104 106 104 cavity 0
67 92 79 92 79 102.99999999999999 67 102.99999999999999 cavity 0
131 87 161 87 161 112 131 112 cavity 0
79 91 94 91 94 107 79 107 normal 0