123 94 130 94 130 107 123 107 normal 0
191 95 207 95 207 108.00000000000001 191 108.00000000000001 normal 0
207 101 217 101 217 107 207 107 normal 0
116 100 123 100 123 108.00000000000001 116 108.00000000000001 normal 0
138 72 153 72 153 84 138 84 cavity 0
152 71 170 71 170 87.00000000000001 152 87.00000000000001 cavity 0
165 74 182 74 182 87.00000000000001 165 87.00000000000001 cavity 0
129 76 138 76 138 88 129 88 cavity 0
184 73 200 73 200 91 184 91 normal 0
113.00000000000001 78 128 78 128 96.99999999999999 113.00000000000001 96.99999999999999 normal 0
204 83 229 83 229 101 204 101 cavity 0
140 89 151 89 151 103 140 103 normal 0
161 90 176.00000000000003 90 176.00000000000003 103 161 103 normal 0
152 90 161 90 161 103 152 103 normal 0
131 90 140 90 140 106 131 106 normal 0
177.00000000000003 91 191 91 191 106 177.00000000000003 106 normal 0