160 88 193 88 193 119 160 119 normal 0
130 100 170 100 170 129 130 129 normal 0
0 102 37 102 37 129 0 129 cavity 0
198.00000000000003 104 220 104 220 129 198.00000000000003 129 cavity 0
101 110 135 110 135 129 101 129 normal 0
352 112 380 112 380 129 352 129 normal 0
321 116 353 116 353 129 321 129 normal 0
69 117 100 117 100 129 69 129 normal 0
25 118 46 118 46 129 25 129 normal 0
288 120 320 120 320 129 288 129 normal 0
252 122 290 122 290 129 252 129 normal 0
207 124 225 124 225 129 207 129 normal 0
42 124 68 124 68 129 42 129 normal 0
225 125 250 125 250 129 225 129 normal 0
88 17 122 17 122 63 88 63 cavity 0
117.99999999999999 20 154 20 154 64 117.99999999999999 64 cavity 0
60 28 96 28 96 72 60 72 cavity 0
280 27 315 27 315 74 280 74 normal 0
153 30 188 30 188 73 153 73 cavity 0
313 32 349 32 349 78 313 78 normal 0
253 36 285 36 285 80 253 80 normal 0
36 37 72 37 72 84 36 84 cavity 0
224 42 261 42 261 92 224 92 normal 0
339 49 379 49 379 96 339 96 cavity 0
181 56 193 56 193 92 181 92 cavity 0
21 69 62 69 62 108 21 108 cavity 0
201 74 242 74 242 116 201 116 cavity 0
367 78 391 78 391 115 367 115 cavity 0