105 95.99999999999999 137 95.99999999999999 137 110 105 110 cavity 0
232.00000000000003 52 270 52 270 93 232.00000000000003 93 cavity 0
50 57 88 57 88 89 50 89 cavity 0
198 58 232.00000000000003 58 232.00000000000003 91.99999999999999 198 91.99999999999999 cavity 0
12 58 56 58 56 93.99999999999999 12 93.99999999999999 normal 0
90 62 127 62 127 98.00000000000001 90 98.00000000000001 cavity 0
138 61 183 61 183 100.00000000000001 138 100.00000000000001 cavity 0
78 74 104 74 104 109 78 109 cavity 0
179 77 204 77 204 107 179 107 cavity 0
46 79 73 79 73 109 46 109 cavity 0
136 84 173 84 173 110 136 110 cavity 0