266 84 290 84 290 114.99999999999999 266 114.99999999999999 cavity 0
4 93 23 93 23 116 4 116 cavity 0
17 95.99999999999999 41 95.99999999999999 41 120 17 120 cavity 0
32 95 56 95 56 123 32 123 cavity 0
249 95.99999999999999 275 95.99999999999999 275 125 249 125 cavity 0
230 93.99999999999999 256 93.99999999999999 256 128 230 128 cavity 0
41 93 71 93 71 134 41 134 cavity 0
214.99999999999997 91.99999999999999 243 91.99999999999999 243 135 214.99999999999997 135 cavity 0
139 93.99999999999999 163 93.99999999999999 163 139 139 139 normal 0
87.00000000000001 97 114 97 114 138 87.00000000000001 138 normal 0
195 91 221 91 221 146 195 146 normal 0
116 99 138 99 138 139 116 139 normal 0
58 93 87.00000000000001 93 87.00000000000001 146 58 146 cavity 0
165 95 196 95 196 146 165 146 cavity 0
184 27 213 27 213 77 184 77 cavity 0
214 27 241 27 241 81 214 81 cavity 0
99 29 142 29 142 79 99 79 cavity 0
71 31 99 31 99 77 71 77 cavity 0
285 40 292 40 292 71 285 71 cavity 0
141 31 186 31 186 82 141 82 cavity 0
46 33 71 33 71 80 46 80 cavity 0
235 38 257 38 257 81 235 81 cavity 0
252 41 272 41 272 81 252 81 cavity 0
268 45 285 45 285 76 268 76 cavity 0
31 44 51 44 51 84 31 84 cavity 0
19 47.99999999999999 36 47.99999999999999 36 83 19 83 cavity 0
5 50.00000000000001 23 50.00000000000001 23 81 5 81 cavity 0
2 79 25 79 25 95 2 95 normal 0