159 96 175 96 175 105 159 105 cavity 0
175 96.99999999999999 183 96.99999999999999 183 106 175 106 normal 0
185 99 193.99999999999997 99 193.99999999999997 108.00000000000001 185 108.00000000000001 normal 0
80 99 91 99 91 108.00000000000001 80 108.00000000000001 normal 0
109 78 136 78 136 95 109 95 normal 0
167 81 182 81 182 96 167 96 normal 0
84.00000000000001 83 103 83 103 96.99999999999999 84.00000000000001 96.99999999999999 normal 0
182 83 193.99999999999997 83 193.99999999999997 100 182 100 normal 0
74 87.00000000000001 85 87.00000000000001 85 99 74 99 normal 0
195 86 203 86 203 101 195 101 normal 0
140 93 157 93 157 106 140 106 normal 0
106 94 120 94 120 104 106 104 cavity 0
120 94 136 94 136 104 120 104 cavity 0
94 94 106 94 106 105 94 105 normal 0