31 130 68 130 68 170 31 170 normal 0
67 137 106 137 106 179 67 179 normal 0
104 141 143 141 143 179 104 179 normal 0
143 143 182 143 182 182 143 182 normal 0
178 150 220 150 220 183 178 183 normal 0
219 153 244 153 244 181 219 181 normal 0
78 31 136 31 136 98.00000000000001 78 98.00000000000001 cavity 0
137 37 194 37 194 105 137 105 cavity 0
33 43 69.99999999999999 43 69.99999999999999 100.00000000000001 33 100.00000000000001 cavity 0
0 35 33 35 33 108 0 108 cavity 0
192.00000000000003 56 242 56 242 113 192.00000000000003 113 cavity 0
234 59.00000000000001 275 59.00000000000001 275 127 234 127 cavity 0