42 82 72 82 72 118.99999999999999 42 118.99999999999999 cavity 0
71 83 100 83 100 122 71 122 cavity 0
99 92 129 92 129 126 99 126 cavity 0
130 90 156 90 156 129 130 129 cavity 0
154 92 182 92 182 130 154 130 cavity 0
182 94 206 94 206 128 182 128 cavity 0
193 95 221 95 221 128 193 128 cavity 0
98 40 144 40 144 91 98 91 cavity 0
60 49.00000000000001 92 49.00000000000001 92 87 60 87 cavity 0
145 45 194 45 194 94 145 94 cavity 0
194 45 219 45 219 96 194 96 cavity 0
20 84 47 84 47 112 20 112 cavity 0