0 99.99999999999999 33 99.99999999999999 33 134 0 134 cavity 0
215 109 246 109 246 143 215 143 cavity 0
29 105.99999999999999 81 105.99999999999999 81 150 29 150 cavity 0
70 109 110 109 110 153 70 153 cavity 0
184 111.99999999999999 222 111.99999999999999 222 157 184 157 cavity 0
101 111.99999999999999 148 111.99999999999999 148 160 101 160 cavity 0
144 111.99999999999999 188 111.99999999999999 188 173 144 173 cavity 0
221 6.999999999999999 259 6.999999999999999 259 76 221 76 cavity 0
173 15 231 15 231 80 173 80 cavity 0
132 23 182 23 182 80 132 80 cavity 0
85 30 138 30 138 88 85 88 cavity 0
56 42 101 42 101 88 56 88 cavity 0
29 44 63 44 63 86 29 86 cavity 0
14 51 40 51 40 89 14 89 cavity 0