481 90 513 90 513 133 481 133 normal 0
435 100 477 100 477 164 435 164 normal 0
46 134 91 134 91 178 46 178 cavity 0
381 137 432 137 432 198 381 198 normal 0
453 146 499 146 499 197 453 197 normal 0
90 146 150 146 150 198 90 198 normal 0
148 156 208 156 208 219 148 219 normal 0
297 166 377 166 377 223.99999999999997 297 223.99999999999997 normal 0
421 167 465 167 465 235 421 235 normal 0
206 177 289 177 289 230 206 230 normal 0
75 174 131 174 131 240 75 240 normal 0
373.99999999999994 195 423 195 423 252 373.99999999999994 252 normal 0
131 198 175 198 175 271 131 271 normal 0
304 221.00000000000003 370 221.00000000000003 370 261 304 261 cavity 0
235 216 297 216 297 278 235 278 normal 0
177 220 231 220 231 278 177 278 normal 0