505 117 596 117 596 199 505 199 cavity 0
114 127 181 127 181 192 114 192 cavity 0
0 129 53 129 53 194 0 194 cavity 0
26 124 120 124 120 200 26 200 cavity 0
434 129 509 129 509 202 434 202 cavity 0
198 133 278 133 278 220 198 220 cavity 0
304 135 398 135 398 219 304 219 cavity 0
519 172 583 172 583 224.99999999999997 519 224.99999999999997 cavity 0
388 162 445 162 445 236.00000000000003 388 236.00000000000003 cavity 0
174 159 230 159 230 240 174 240 cavity 0
101 171 163 171 163 240 101 240 cavity 0
464 181 536 181 536 234 464 234 cavity 0
242 176 303 176 303 245 242 245 cavity 0
305 182 377 182 377 242 305 242 cavity 0