270 103 300 103 300 160 270 160 cavity 0
244 112.99999999999999 279 112.99999999999999 279 167 244 167 normal 0
0 114.99999999999999 30 114.99999999999999 30 165 0 165 normal 0
13 124 40 124 40 169 13 169 normal 0
25 125 56 125 56 169 25 169 normal 0
201 113.99999999999999 240 113.99999999999999 240 181 201 181 normal 0
166 115.99999999999999 198 115.99999999999999 198 180 166 180 cavity 0
222 117 261 117 261 178 222 178 cavity 0
107 119 137 119 137 178 107 178 normal 0
136 120 167 120 167 179 136 179 normal 0
46 119 78 119 78 185 46 185 normal 0
75 125 107 125 107 184 75 184 normal 0
146 22 193.99999999999997 22 193.99999999999997 102 146 102 cavity 0
94 31 145 31 145 103 94 103 cavity 0
193.99999999999997 41 227 41 227 96 193.99999999999997 96 cavity 0
281 43 300 43 300 97 281 97 cavity 0
226 42 265 42 265 105 226 105 cavity 0
258 45 285 45 285 104 258 104 cavity 0
58 51 91 51 91 102 58 102 cavity 0
24 48 63 48 63 110.00000000000001 24 110.00000000000001 cavity 0
12 56.00000000000001 37 56.00000000000001 37 110.00000000000001 12 110.00000000000001 cavity 0
1 60 20 60 20 109.00000000000001 1 109.00000000000001 cavity 0