467.00000000000006 256 484 256 484 272 467.00000000000006 272 cavity 0
437 251.99999999999997 468.00000000000006 251.99999999999997 468.00000000000006 283 437 283 cavity 0
396 254.00000000000003 435 254.00000000000003 435 283 396 283 cavity 0
374 257 402 257 402 281 374 281 cavity 0
483 256 513 256 513 286 483 286 cavity 0
337 264 375 264 375 295 337 295 cavity 0
459 273 483 273 483 301 459 301 normal 0
477.99999999999994 275 501.99999999999994 275 501.99999999999994 299 477.99999999999994 299 normal 0
411 278 436 278 436 300 411 300 normal 0
386 276 415 276 415 303 386 303 normal 0
434 280 460 280 460 300 434 300 normal 0
359 277 391 277 391 304 359 304 normal 0
331 290 355 290 355 308 331 308 normal 0