187 93 234 93 234 150 187 150 cavity 0
84 92 135 92 135 152 84 152 cavity 0
58 104 91 104 91 145 58 145 cavity 0
242 102 296 102 296 156 242 156 cavity 0
136 112 181 112 181 146 136 146 cavity 0
300 106 344 106 344 156 300 156 cavity 0
32 110 62 110 62 156 32 156 cavity 0
392 117 426 117 426 160 392 160 cavity 0
348 112 392 112 392 166 348 166 cavity 0
419 124 447 124 447 162.00000000000003 419 162.00000000000003 cavity 0
127 166 163 166 163 224 127 224 cavity 0
47 176 92 176 92 216 47 216 cavity 0
165 167 207 167 207 226 165 226 normal 0
217 171 249 171 249 221 217 221 normal 0
92 174 126 174 126 220 92 220 cavity 0
249 173 288 173 288 228 249 228 normal 0
285 173 329 173 329 229 285 229 normal 0
327 176 365 176 365 229 327 229 cavity 0
392 181 435 181 435 230 392 230 cavity 0
361 187 395 187 395 236 361 236 cavity 0