0 0 11 0 11 22 0 22 cavity 0
232 0 248 0 248 23 232 23 cavity 0
8 0 29 0 29 26 8 26 cavity 0
207 0 233 0 233 27 207 27 cavity 0
0 117.00000000000001 16 117.00000000000001 16 154 0 154 normal 0
247 117.99999999999999 261 117.99999999999999 261 158 247 158 normal 0
16 117.00000000000001 49 117.00000000000001 49 160 16 160 normal 0
28 0 58 0 58 27.999999999999996 28 27.999999999999996 cavity 0
176 3 207 3 207 24.999999999999996 176 24.999999999999996 cavity 0
137 5 172 5 172 23 137 23 cavity 0
218 119 248 119 248 162 218 162 normal 0
50 122 84 122 84 160 50 160 normal 0
183 123.00000000000001 219 123.00000000000001 219 161 183 161 normal 0
86 122 134 122 134 165 86 165 normal 0
137 122 183 122 183 166 137 166 normal 0
53 6 82 6 82 24 53 24 cavity 0
0 153 17 153 17 178 0 178 normal 0
242 156 257 156 257 180 242 180 normal 0
17 157 41 157 41 180 17 180 normal 0
88 3 129 3 129 32 88 32 cavity 0
75 158 106 158 106 187 75 187 normal 0
224 162 242 162 242 183 224 183 normal 0
40 157 74 157 74 188 40 188 normal 0
196 160 224 160 224 188 196 188 normal 0
138 164 162 164 162 187 138 187 normal 0
109 164 134 164 134 187 109 187 normal 0
165 163 194 163 194 188 165 188 normal 0
221 33 258 33 258 57 221 57 cavity 0
1 36 42 36 42 61 1 61 cavity 0
212 51 235 51 235 71 212 71 cavity 0
20 49.99999999999999 47 49.99999999999999 47 72 20 72 cavity 0
36 52 60 52 60 81 36 81 cavity 0
188 52.99999999999999 214 52.99999999999999 214 83 188 83 cavity 0
160 55 188 55 188 81 160 81 cavity 0
58 55 84 55 84 88 58 88 cavity 0
136 61.99999999999999 161 61.99999999999999 161 82 136 82 cavity 0
111 60 135 60 135 84 111 84 cavity 0
84 58.99999999999999 110 58.99999999999999 110 86 84 86 cavity 0
244 0 261 0 261 20 244 20 cavity 0