351 287 381 287 381 305 351 305 cavity 0
315 283 360 283 360 318 315 318 cavity 0
275 285 317 285 317 318 275 318 cavity 0
248 285 282 285 282 317 248 317 cavity 0
372 285 411.00000000000006 285 411.00000000000006 325 372 325 cavity 0
214 292 255 292 255 332 214 332 cavity 0
363 308 392 308 392 334 363 334 normal 0
338.99999999999994 307 370 307 370 337 338.99999999999994 337 normal 0
314 311 346 311 346 337 314 337 normal 0
292 312 317 312 317 337 292 337 normal 0
386 318 408.00000000000006 318 408.00000000000006 332 386 332 cavity 0
265 311 293 311 293 340 265 340 normal 0
235 315 269 315 269 341.99999999999994 235 341.99999999999994 normal 0
206.99999999999997 327 232 327 232 349 206.99999999999997 349 normal 0