218 86 251 86 251 125 218 125 normal 0
183 88 217 88 217 123.99999999999999 183 123.99999999999999 normal 0
269 97 292 97 292 115 269 115 normal 0
152 86 185 86 185 130 152 130 normal 0
247.00000000000003 94 281 94 281 131 247.00000000000003 131 normal 0
84 94 119 94 119 133 84 133 normal 0
50 96 84 96 84 133 50 133 normal 0
119 93 154 93 154 136 119 136 normal 0
0 109 15 109 15 131 0 131 normal 0
14 108 54 108 54 144 14 144 cavity 0
202 65 244 65 244 96 202 96 cavity 0
239.00000000000003 68 269 68 269 101.00000000000001 239.00000000000003 101.00000000000001 normal 0
154 66 201 66 201 106 154 106 cavity 0
265 74 292 74 292 98 265 98 cavity 0
68 72 105 72 105 101.00000000000001 68 101.00000000000001 cavity 0
106 70 152 70 152 107 106 107 cavity 0
25 78 66 78 66 113.99999999999999 25 113.99999999999999 normal 0
0 86 30 86 30 112.99999999999999 0 112.99999999999999 cavity 0