269 80 299 80 299 125 269 125 cavity 0
230 76 270 76 270 132 230 132 cavity 0
130 72 162 72 162 138 130 138 cavity 0
194 70 231 70 231 141 194 141 cavity 0
156 73 196 73 196 141 156 141 cavity 0
74 9 101 9 101 58 74 58 cavity 0
34 15 74 15 74 53 34 53 cavity 0
18 17 53.00000000000001 17 53.00000000000001 63 18 63 cavity 0
97 11 138 11 138 71 97 71 cavity 0
134 16 185.00000000000003 16 185.00000000000003 75.00000000000001 134 75.00000000000001 cavity 0
234 26 271 26 271 69 234 69 cavity 0
182 23 232 23 232 74 182 74 cavity 0
270 37 297 37 297 70 270 70 cavity 0
296 40 324 40 324 78 296 78 cavity 0
316 43 339 43 339 80 316 80 cavity 0
3 64 42 64 42 101 3 101 cavity 0
68 56 100 56 100 117 68 117 cavity 0
35 62 67 62 67 126 35 126 cavity 0
100 70 132 70 132 120 100 120 cavity 0