47.00000000000001 101 81 101 81 134 47.00000000000001 134 cavity 0
210 101 242 101 242 135 210 135 cavity 0
69 124 93 124 93 150 69 150 normal 0
195 125.00000000000001 224 125.00000000000001 224 156 195 156 normal 0
89.00000000000001 143 112 143 112 163 89.00000000000001 163 normal 0
178.00000000000003 140 202 140 202 166 178.00000000000003 166 normal 0
113 142 145 142 145 172 113 172 normal 0
146 143 180 143 180 173 146 173 normal 0
222 7.000000000000001 277 7.000000000000001 277 63 222 63 cavity 0
5 9 63 9 63 65 5 65 cavity 0
25 60 73 60 73 109 25 109 cavity 0
214 61 261 61 261 109 214 109 cavity 0