172 67 185 67 185 81 172 81 cavity 0
182 69 193 69 193 79 182 79 cavity 0
96.00000000000001 71 109 71 109 79 96.00000000000001 79 cavity 0
161 69 173.00000000000003 69 173.00000000000003 82 161 82 cavity 0
104 68 119 68 119 83 104 83 cavity 0
146 71 165 71 165 82 146 82 cavity 0
131 70 147 70 147 82 131 82 cavity 0
118 73 133 73 133 82 118 82 cavity 0
177 77 190 77 190 87 177 87 cavity 0
166 76 178 76 178 89 166 89 cavity 0
146 77 159 77 159 90 146 90 cavity 0
135 78 149 78 149 90 135 90 cavity 0
158 79 170 79 170 90 158 90 cavity 0
112 78 127 78 127 91 112 91 cavity 0
124 79 136 79 136 90 124 90 cavity 0
104 79 114.99999999999999 79 114.99999999999999 90 104 90 cavity 0