152 92 196 92 196 133 152 133 cavity 0
198.00000000000003 98.99999999999999 261 98.99999999999999 261 129 198.00000000000003 129 cavity 0
109 95 151 95 151 145 109 145 cavity 0
22 106.00000000000001 31 106.00000000000001 31 136 22 136 normal 0
75 101 109 101 109 141 75 141 cavity 0
50 104 74 104 74 140 50 140 normal 0
31 104 49 104 49 139 31 139 cavity 0
39 42 79 42 79 103 39 103 cavity 0
122 46 166 46 166 103 122 103 cavity 0
9 50.00000000000001 38 50.00000000000001 38 101 9 101 cavity 0
77 51 120 51 120 103 77 103 cavity 0
169 68 208 68 208 103 169 103 cavity 0
209 70 268 70 268 101 209 101 cavity 0