262 144 358 144 358 254.99999999999997 262 254.99999999999997 cavity 0
353 152 450.00000000000006 152 450.00000000000006 267 353 267 cavity 0
185.99999999999997 164 258 164 258 258 185.99999999999997 258 cavity 0
115 155 187 155 187 272 115 272 cavity 0
452 185 530 185 530 280 452 280 cavity 0
522 191 588 191 588 302 522 302 cavity 0
80 236 128 236 128 287 80 287 cavity 0
583 221 637 221 637 309 583 309 cavity 0
187 306 253.00000000000003 306 253.00000000000003 375 187 375 normal 0
246 319 305 319 305 386 246 386 normal 0
303 322 369 322 369 388 303 388 normal 0
363 326 428 326 428 394 363 394 normal 0
486.99999999999994 335 543 335 543 389 486.99999999999994 389 normal 0
422 336 488 336 488 396 422 396 normal 0