20 86 48 86 48 119.00000000000001 20 119.00000000000001 cavity 0
246 91.99999999999999 274 91.99999999999999 274 122 246 122 cavity 0
114 93 147 93 147 130 114 130 cavity 0
45 91 80 91 80 133 45 133 cavity 0
184 87 217 87 217 137 184 137 cavity 0
80 88 113 88 113 136 80 136 cavity 0
147 95.99999999999999 182 95.99999999999999 182 132 147 132 cavity 0
216 91 251 91 251 137 216 137 cavity 0
90 32 143 32 143 93.99999999999999 90 93.99999999999999 cavity 0
51 40 89 40 89 91 51 91 cavity 0
144 36 198 36 198 95 144 95 cavity 0
20 45 50 45 50 89 20 89 cavity 0
1 54 9 54 9 82 1 82 cavity 0
239.00000000000003 44 272 44 272 93.99999999999999 239.00000000000003 93.99999999999999 cavity 0
7 53 22 53 22 85 7 85 cavity 0
198.99999999999997 45.99999999999999 237 45.99999999999999 237 93 198.99999999999997 93 cavity 0
274 52 290 52 290 91 274 91 cavity 0
2 84 22 84 22 108 2 108 cavity 0
270 88 287 88 287 107 270 107 cavity 0