20 26 37 26 37 48 20 48 cavity 0
35 25 62 25 62 53 35 53 cavity 0
64 30 78 30 78 50 64 50 cavity 0
131 31 151 31 151 53 131 53 cavity 0
210 28 223 28 223 56 210 56 cavity 0
164 32 182 32 182 54 164 54 cavity 0
184 30 214 30 214 56 184 56 cavity 0
91 33 113 33 113 54 91 54 cavity 0
195 48 219 48 219 75 195 75 normal 0
29 47 49 47 49 75 29 75 cavity 0
45 47 70 47 70 82 45 82 cavity 0
173 50 197 50 197 85 173 85 cavity 0
71 54 94 54 94 82 71 82 normal 0
146 53 172 53 172 84 146 84 normal 0
96 54 118.99999999999999 54 118.99999999999999 82 96 82 normal 0
122 56 145 56 145 83 122 83 normal 0