176 75 183 75 183 84 176 84 cavity 0
169.99999999999997 76 176 76 176 85 169.99999999999997 85 cavity 0
155 77 161 77 161 85 155 85 cavity 0
183 78 187 78 187 84 183 84 cavity 0
171 83 178 83 178 89 171 89 cavity 0
160 82 171 82 171 92.99999999999999 160 92.99999999999999 cavity 0
137 79 147 79 147 96 137 96 cavity 0
148 84 158 84 158 92.99999999999999 148 92.99999999999999 cavity 0
127 82 135 82 135 97 127 97 cavity 0
91 85 97 85 97 94 91 94 cavity 0
118 84 124.99999999999999 84 124.99999999999999 96 118 96 cavity 0
108 84 116 84 116 96 108 96 cavity 0
99 85 107 85 107 97 99 97 cavity 0