336 184 420 184 420 332 336 332 cavity 0
418 202 517 202 517 342 418 342 cavity 0
217 200 336 200 336 347 217 347 cavity 0
695 247 744 247 744 302 695 302 cavity 0
514 224 611 224 611 326 514 326 cavity 0
599 226 696 226 696 332 599 332 cavity 0
152 216 222.00000000000003 216 222.00000000000003 351 152 351 cavity 0
125.00000000000001 233 162 233 162 359 125.00000000000001 359 normal 0
546 305 626 305 626 351 546 351 cavity 0
456.99999999999994 301 550 301 550 360.99999999999994 456.99999999999994 360.99999999999994 normal 0
355 302 451 302 451 367 355 367 normal 0
298 323 362 323 362 368 298 368 normal 0
188 320 248 320 248 384.99999999999994 188 384.99999999999994 normal 0
244 341 296 341 296 378 244 378 normal 0
156 348 196 348 196 398 156 398 normal 0