36 29 45 29 45 52 36 52 normal 0
44 37 53 37 53 65 44 65 normal 0
50 41 61.99999999999999 41 61.99999999999999 75 50 75 normal 0
59 42 78 42 78 87 59 87 normal 0
222 60 236 60 236 83 222 83 normal 0
75 53 99 53 99 92.00000000000001 75 92.00000000000001 normal 0
209 60 223.99999999999997 60 223.99999999999997 93.00000000000001 209 93.00000000000001 normal 0
189 58.99999999999999 208 58.99999999999999 208 101.99999999999999 189 101.99999999999999 normal 0
97 58.99999999999999 133 58.99999999999999 133 103 97 103 normal 0
162 62 189 62 189 101.00000000000001 162 101.00000000000001 normal 0
128 62.99999999999999 165 62.99999999999999 165 107 128 107 normal 0