101 84 125 84 125 117.00000000000001 101 117.00000000000001 cavity 0
78 85 102 85 102 124 78 124 cavity 0
55 87 82 87 82 141 55 141 cavity 0
41 88 58 88 58 144 41 144 cavity 0
232 40 248.99999999999997 40 248.99999999999997 57 232 57 cavity 0
161 46 187 46 187 78 161 78 cavity 0
213 45 232 45 232 83 213 83 cavity 0
126 47 159 47 159 82 126 82 cavity 0
79 44 120 44 120 88 79 88 normal 0
190 45 213 45 213 90 190 90 cavity 0
47 47 79 47 79 90 47 90 cavity 0
23 53 50 53 50 94 23 94 cavity 0
170 74 197 74 197 111 170 111 cavity 0
146 77 170 77 170 111 146 111 cavity 0
124 82 145 82 145 115 124 115 cavity 0