247 95 275 95 275 123 247 123 cavity 0
223 104 256 104 256 150 223 150 cavity 0
0 107 23 107 23 152 0 152 cavity 0
251 118.99999999999999 275 118.99999999999999 275 141 251 141 cavity 0
12.000000000000002 113 37 113 37 153 12.000000000000002 153 cavity 0
205 107 239 107 239 160 205 160 cavity 0
154.00000000000003 107 183 107 183 163 154.00000000000003 163 normal 0
97 109 125 109 125 162 97 162 normal 0
184 102.99999999999999 218 102.99999999999999 218 168 184 168 normal 0
125 110 155 110 155 162 125 162 normal 0
25 115 51 115 51 161 25 161 cavity 0
42 109 69.99999999999999 109 69.99999999999999 170 42 170 cavity 0
69.99999999999999 114 99 114 99 170 69.99999999999999 170 normal 0
132 24 177 24 177 94 132 94 cavity 0
84 29 131 29 131 96 84 96 cavity 0
176 39 209 39 209 89 176 89 cavity 0
255 40 275 40 275 90 255 90 cavity 0
208 36 240 36 240 96 208 96 cavity 0
236 39 257 39 257 96 236 96 cavity 0
53 47 85 47 85 93 53 93 cavity 0
22 44 57 44 57 100.00000000000001 22 100.00000000000001 cavity 0
11 52 33 52 33 99.00000000000001 11 99.00000000000001 cavity 0
1 55 17 55 17 100.00000000000001 1 100.00000000000001 cavity 0