133 105 140 105 140 116 133 116 cavity 0
118.99999999999999 105 131 105 131 118.00000000000001 118.99999999999999 118.00000000000001 cavity 0
94 105 104 105 104 118.99999999999999 94 118.99999999999999 cavity 0
138 106 150 106 150 118.00000000000001 138 118.00000000000001 cavity 0
105 105 118.00000000000001 105 118.00000000000001 118.99999999999999 105 118.99999999999999 cavity 0
81 111 92 111 92 126.00000000000001 81 126.00000000000001 cavity 0
137 116 146 116 146 126.00000000000001 137 126.00000000000001 normal 0
129 116 136 116 136 127 129 127 normal 0
89 117 99 117 99 128 89 128 normal 0
112 118.00000000000001 117 118.00000000000001 117 128 112 128 normal 0
101 117 110 117 110 128 101 128 normal 0
102 117 111 117 111 129 102 129 normal 0
120 118.00000000000001 130 118.00000000000001 130 129 120 129 normal 0
78 120 90 120 90 128 78 128 cavity 0