193 84 211.99999999999997 84 211.99999999999997 116 193 116 cavity 0
156 91 178 91 178 113 156 113 normal 0
211 92.99999999999999 228 92.99999999999999 228 119 211 119 cavity 0
228 94 244 94 244 119 228 119 cavity 0
139 100 156 100 156 115 139 115 cavity 0
127.99999999999999 100.99999999999999 140 100.99999999999999 140 116 127.99999999999999 116 cavity 0
262 100 277 100 277 116.99999999999999 262 116.99999999999999 cavity 0
244 100 263 100 263 119 244 119 cavity 0
207 70 239 70 239 94 207 94 cavity 0
239 68 260 68 260 100 239 100 cavity 0
157 71 178.99999999999997 71 178.99999999999997 97 157 97 cavity 0
260 75 277 75 277 100.99999999999999 260 100.99999999999999 cavity 0
137 76 157 76 157 104 137 104 normal 0
125 86 139 86 139 102 125 102 cavity 0
176 81 195 81 195 114 176 114 normal 0