19 89 55 89 55 118 19 118 cavity 0
112 45 213 45 213 163 112 163 cavity 0
215 59 315 59 315 157 215 157 cavity 0
315 70 384 70 384 152 315 152 cavity 0
0 94 24 94 24 144 0 144 cavity 0
56 88 117.99999999999999 88 117.99999999999999 163 56 163 cavity 0
328 143 396 143 396 233 328 233 cavity 0
260 153 330 153 330 248 260 248 cavity 0
193 155.99999999999997 259 155.99999999999997 259 249.00000000000003 193 249.00000000000003 cavity 0
30 162 74 162 74 244 30 244 cavity 0
124.99999999999999 162 191 162 191 256 124.99999999999999 256 cavity 0
68 164 131 164 131 265 68 265 cavity 0