181 112.00000000000001 190 112.00000000000001 190 125 181 125 cavity 0
169 119.00000000000001 185 119.00000000000001 185 137 169 137 normal 0
124 128 138 128 138 138 124 138 normal 0
156 126.99999999999999 170 126.99999999999999 170 142 156 142 normal 0
140 126.99999999999999 155 126.99999999999999 155 142 140 142 normal 0
175.00000000000003 63 188 63 188 78 175.00000000000003 78 cavity 0
95 62 109 62 109 81 95 81 cavity 0
108 63 125 63 125 81 108 81 cavity 0
151 64 171.99999999999997 64 171.99999999999997 84 151 84 cavity 0
124 64 144 64 144 83 124 83 cavity 0
189 69 204 69 204 83 189 83 cavity 0