167 91 179 91 179 110.00000000000001 167 110.00000000000001 normal 0
98 92 111 92 111 110.00000000000001 98 110.00000000000001 normal 0
111 94 125 94 125 112.00000000000001 111 112.00000000000001 normal 0
126 98 142 98 142 107 126 107 cavity 0
144 98 167 98 167 110.00000000000001 144 110.00000000000001 cavity 0
162 72 175 72 175 84 162 84 cavity 0
143 75 156 75 156 82 143 82 cavity 0
116 77 129 77 129 85 116 85 cavity 0
131 76 141 76 141 87 131 87 cavity 0
178.00000000000003 78 187 78 187 87 178.00000000000003 87 cavity 0
105 77 114 77 114 88 105 88 cavity 0
181 89 191 89 191 106 181 106 cavity 0