215 93 264 93 264 131 215 131 cavity 0
0 108 57 108 57 137 0 137 cavity 0
0 119.99999999999999 49 119.99999999999999 49 149 0 149 cavity 0
225 125 275 125 275 159 225 159 cavity 0
252 148 275 148 275 183 252 183 cavity 0
99 40 137 40 137 63 99 63 cavity 0
142 38 182 38 182 65 142 65 cavity 0
68 50.99999999999999 98 50.99999999999999 98 76 68 76 cavity 0
184 50.00000000000001 213 50.00000000000001 213 82 184 82 cavity 0
32 56 69 56 69 100.00000000000001 32 100.00000000000001 cavity 0
209 66 245 66 245 107 209 107 cavity 0
14 78 62 78 62 118.00000000000001 14 118.00000000000001 cavity 0