224 111 248 111 248 146 224 146 normal 0
202 117.99999999999999 224 117.99999999999999 224 153 202 153 normal 0
170 117 206 117 206 161 170 161 normal 0
125 114 174 114 174 177 125 177 cavity 0
32 119.00000000000001 73 119.00000000000001 73 173 32 173 cavity 0
73 117 119 117 119 178 73 178 cavity 0
229 52 259 52 259 114 229 114 normal 0
0 72 17 72 17 105.99999999999999 0 105.99999999999999 cavity 0
144 57 200 57 200 120 144 120 normal 0
197 58 247 58 247 122 197 122 normal 0
49 61 91 61 91 123.99999999999999 49 123.99999999999999 cavity 0
92 60 140 60 140 125.00000000000001 92 125.00000000000001 cavity 0
12 68 49 68 49 123 12 123 cavity 0