252 100 266 100 266 117 252 117 cavity 0
229 101 256 101 256 124 229 124 cavity 0
13 102 35 102 35 124 13 124 cavity 0
207 101 230 101 230 130 207 130 cavity 0
26 107 48 107 48 128 26 128 cavity 0
40 106 66 106 66 145 40 145 cavity 0
177 109 208 109 208 144 177 144 cavity 0
152 113 179 113 179 145 152 145 normal 0
67 113 93 113 93 148 67 148 normal 0
94 116 120 116 120 145 94 145 normal 0
122 119 151 119 151 147 122 147 normal 0
31 58 55 58 55 110 31 110 cavity 0
195 59 226 59 226 110 195 110 cavity 0
4 73 17 73 17 97 4 97 cavity 0
246 76 264 76 264 102 246 102 cavity 0
121 62 163 62 163 117 121 117 normal 0
78 62 120 62 120 117 78 117 normal 0
163 67 198 67 198 113 163 113 cavity 0
16 77 33 77 33 102 16 102 cavity 0
223 76 248 76 248 106 223 106 cavity 0
54 71 81 71 81 112 54 112 cavity 0