1695 819 1893 819 1893 1223 1695 1223 normal 0
510.99999999999994 852 683.9999999999999 852 683.9999999999999 1196 510.99999999999994 1196 normal 0
1189 866 1456 866 1456 1190 1189 1190 normal 0
1449 851 1698 851 1698 1208 1449 1208 normal 0
953 871 1186 871 1186 1196 953 1196 normal 0
702 868 931 868 931 1205 702 1205 normal 0
1124 386 1537 386 1537 838 1124 838 normal 0
736 417 1131 417 1131 848 736 848 normal 0
1520.9999999999998 453 1808.9999999999998 453 1808.9999999999998 823 1520.9999999999998 823 normal 0
1822 500.00000000000006 2088 500.00000000000006 2088 799 1822 799 normal 0
510.99999999999994 532 744.0000000000001 532 744.0000000000001 844 510.99999999999994 844 normal 0
297 603 513 603 513 842 297 842 normal 0
1881 816 2045 816 2045 1080 1881 1080 normal 0
320.99999999999994 864 523 864 523 1077 320.99999999999994 1077 normal 0