315 1053 472 1053 472 1301 315 1301 normal 0
388 1071 600 1071 600 1322 388 1322 normal 0
2281 1099 2516 1099 2516 1317 2281 1317 normal 0
546 1084 812 1084 812 1357 546 1357 normal 0
2001 1063 2288 1063 2288 1380 2001 1380 normal 0
807 1078 1103 1078 1103 1414 807 1414 normal 0
1695 1115 2022 1115 2022 1407 1695 1407 normal 0
1118 1154 1413 1154 1413 1426 1118 1426 normal 0
1379 1157 1691 1157 1691 1425 1379 1425 normal 0
376 622 561 622 561 1020 376 1020 normal 0
593 603 913.0000000000001 603 913.0000000000001 1063 593 1063 normal 0
901 625 1357 625 1357 1154 901 1154 normal 0
2201 719 2488 719 2488 1085 2201 1085 normal 0
2465 775 2605 775 2605 1044 2465 1044 normal 0
1834 715 2197 715 2197 1127 1834 1127 normal 0
1347 684 1812 684 1812 1168 1347 1168 normal 0