886 228 1139 228 1139 486 886 486 normal 0
562 219 885 219 885 502 562 502 normal 0
318 298 564 298 564 517 318 517 normal 0
1118 273 1390 273 1390 555 1118 555 normal 0
1377 328 1555 328 1555 577 1377 577 normal 0
1550 343 1634 343 1634 601 1550 601 normal 0
483 431 721 431 721 605 483 605 normal 0
721 412 996 412 996 632 721 632 normal 0
998.9999999999999 469 1194 469 1194 669 998.9999999999999 669 normal 0
1198 536 1332 536 1332 692 1198 692 normal 0
1322 549 1456 549 1456 709 1322 709 normal 0
1456 566 1567 566 1567 709 1456 709 normal 0