1041 183 1371 183 1371 516 1041 516 normal 0
714 188 1049 188 1049 536 714 536 normal 0
1363 224.00000000000003 1563 224.00000000000003 1563 508 1363 508 normal 0
491 240 707 240 707 550 491 550 normal 0
1553 274 1693 274 1693 544 1553 544 normal 0
1685 335 1759 335 1759 542 1685 542 normal 0
331 284 494 284 494 630 331 630 normal 0
242 410 356 410 356 616 242 616 normal 0
1268 503 1486 503 1486 721 1268 721 normal 0
1061 504 1275 504 1275 738 1061 738 normal 0
1469 495 1645 495 1645 758 1469 758 normal 0
1572 527 1751 527 1751 729 1572 729 cavity 0
624 526 835 526 835 761 624 761 normal 0
835 517 1057 517 1057 798 835 798 normal 0
447 550 635 550 635 792 447 792 normal 0
306 616 464 616 464 771 306 771 normal 0