449 363 671 363 671 655 449 655 normal 0
653 368.99999999999994 1002 368.99999999999994 1002 685 653 685 normal 0
1336 378 1573 378 1573 685 1336 685 normal 0
1003 370 1343 370 1343 696 1003 696 normal 0
313 412 443 412 443 667 313 667 normal 0
1564 404 1700 404 1700 707.9999999999999 1564 707.9999999999999 normal 0
215 450.99999999999994 318 450.99999999999994 318 673 215 673 normal 0
1676 475 1771 475 1771 694 1676 694 normal 0
405 601 574 601 574 787 405 787 normal 0
295 650 401 650 401 754 295 754 normal 0
576 603 791 603 791 803.0000000000001 576 803.0000000000001 normal 0
1552 634.0000000000001 1674 634.0000000000001 1674 822 1552 822 normal 0
1156 643 1392 643 1392 823 1156 823 normal 0
1378 653 1557 653 1557 822 1378 822 normal 0
774 674 969 674 969 822 774 822 normal 0
970 674 1166 674 1166 826 970 826 normal 0
1660 689 1762 689 1762 820 1660 820 normal 0