276 330 497 330 497 716.9999999999999 276 716.9999999999999 cavity 0
457 321 670 321 670 750 457 750 cavity 0
645 367 891 367 891 769.9999999999999 645 769.9999999999999 cavity 0
898 433 1211 433 1211 798 898 798 cavity 0
1206 514 1460 514 1460 798 1206 798 cavity 0
376 703 482 703 482 951 376 951 normal 0
418 713 576 713 576 962 418 962 normal 0
1429 742.0000000000001 1677 742.0000000000001 1677 951 1429 951 normal 0
498 725 678 725 678 976 498 976 normal 0
627 750 847 750 847 991 627 991 normal 0
809 748 1121 748 1121 1005 809 1005 normal 0
1165 792.9999999999999 1423 792.9999999999999 1423 992 1165 992 normal 0