1899 436 2058 436 2058 832 1899 832 cavity 0
541 456 831 456 831 812 541 812 normal 0
1621 438 1906 438 1906 834 1621 834 normal 0
417 502 587 502 587 790 417 790 normal 0
1233 446 1616.9999999999998 446 1616.9999999999998 856 1233 856 normal 0
823 452 1231 452 1231 860 823 860 normal 0
303 540 421 540 421 787.9999999999999 303 787.9999999999999 normal 0
319 786 425 786 425 984 319 984 normal 0
1515 766 1713 766 1713 1052 1515 1052 cavity 0
781 766 1009 766 1009 1070 781 1070 normal 0
401 767.9999999999999 567 767.9999999999999 567 1072 401 1072 normal 0
565 780 777 780 777 1068 565 1068 normal 0
1929 810 2044 810 2044 1042 1929 1042 cavity 0
1021 802 1251 802 1251 1054 1021 1054 normal 0
1727 826 1926 826 1926 1046 1727 1046 cavity 0
1253 854 1499.0000000000002 854 1499.0000000000002 1056 1253 1056 normal 0