624 373 807.0000000000001 373 807.0000000000001 740.9999999999999 624 740.9999999999999 normal 0
1663 382 1825 382 1825 740.9999999999999 1663 740.9999999999999 normal 0
1354.9999999999998 345.00000000000006 1654.0000000000002 345.00000000000006 1654.0000000000002 791 1354.9999999999998 791 normal 0
1025 341 1346 341 1346 795 1025 795 normal 0
814 397.00000000000006 1029 397.00000000000006 1029 751 814 751 normal 0
1817.0000000000002 415 1966 415 1966 750.0000000000001 1817.0000000000002 750.0000000000001 normal 0
515 439 645 439 645 754 515 754 normal 0
1914 476 2043.0000000000002 476 2043.0000000000002 776.0000000000001 1914 776.0000000000001 normal 0
651 783.9999999999999 792 783.9999999999999 792 866 651 866 normal 0
1800 781 1942 781 1942 876 1800 876 normal 0
1690 770 1811 770 1811 911 1690 911 normal 0
781 792.9999999999999 933 792.9999999999999 933 912 781 912 normal 0
1522 788 1694.0000000000002 788 1694.0000000000002 962 1522 962 normal 0
928 781 1124 781 1124 972 928 972 normal 0
1115 787 1324.9999999999998 787 1324.9999999999998 970 1115 970 cavity 0
1322 779 1531.0000000000002 779 1531.0000000000002 980 1322 980 cavity 0