420 72.00000000000001 640 72.00000000000001 640 327 420 327 cavity 0
3 118 75 118 75 308 3 308 cavity 0
201 80 426 80 426 349 201 349 normal 0
637 78 876 78 876 353 637 353 cavity 0
63 105 212.00000000000003 105 212.00000000000003 337 63 337 normal 0
1214 163 1368 163 1368 322 1214 322 cavity 0
874 127 1055 127 1055 372 874 372 cavity 0
1052 147 1222 147 1222 368 1052 368 cavity 0
531 275 759.9999999999999 275 759.9999999999999 481 531 481 cavity 0
29 310 91 310 91 458 29 458 cavity 0
363 313 531 313 531 462 363 462 cavity 0
67 333 166 333 166 467 67 467 normal 0
946 309 1122 309 1122 498 946 498 cavity 0
259 340 370 340 370 468 259 468 normal 0
749 317 950 317 950 499 749 499 cavity 0
145 335 271 335 271 487 145 487 cavity 0