121 43 323 43 323 456 121 456 cavity 0
50 154 138 154 138 418 50 418 cavity 0
314 107 558 107 558 467 314 467 cavity 0
522 151 859 151 859 537 522 537 normal 0
1168 161 1375 161 1375 533 1168 533 cavity 0
1381 179 1524 179 1524 531 1381 531 normal 0
856 159 1195 159 1195 555 856 555 normal 0
1512 260 1579 260 1579 526 1512 526 normal 0
129 409 235 409 235 550 129 550 cavity 0
238 375 499.99999999999994 375 499.99999999999994 670 238 670 normal 0
480 446.00000000000006 675 446.00000000000006 675 700 480 700 normal 0
1065 486 1234 486 1234 699 1065 699 normal 0
1227 465 1462 465 1462 765 1227 765 normal 0
694 509.00000000000006 874.0000000000001 509.00000000000006 874.0000000000001 724 694 724 normal 0
876 529 1075 529 1075 727 876 727 normal 0