494.00000000000006 397 807 397 807 671 494.00000000000006 671 cavity 0
794 422 1096 422 1096 664 794 664 cavity 0
308 422 513 422 513 665 308 665 cavity 0
1095 431 1369 431 1369 672 1095 672 cavity 0
1395 520 1616 520 1616 698 1395 698 cavity 0
241 592 339 592 339 930 241 930 normal 0
284 630 389 630 389 960 284 960 normal 0
355 657 490 657 490 987 355 987 normal 0
1382 712 1605 712 1605 953 1382 953 cavity 0
1125 673 1377 673 1377 998.0000000000001 1125 998.0000000000001 cavity 0
624 666 853 666 853 1013.9999999999999 624 1013.9999999999999 cavity 0
474 665 653 665 653 1038 474 1038 normal 0
837 665 1127 665 1127 1109 837 1109 cavity 0