1293 244 1485 244 1485 476 1293 476 cavity 0
1101 226.00000000000003 1307 226.00000000000003 1307 514 1101 514 cavity 0
847 251 1103 251 1103 552 847 552 normal 0
594 273 854 273 854 550 594 550 normal 0
321 310 610 310 610 599 321 599 normal 0
117.99999999999999 341 235.99999999999997 341 235.99999999999997 572 117.99999999999999 572 normal 0
180 328 363 328 363 598 180 598 normal 0
1169 477 1333 477 1333 594 1169 594 normal 0
984 519 1164 519 1164 693 984 693 cavity 0
239.00000000000003 572 312 572 312 746 239.00000000000003 746 normal 0
751 555.0000000000001 994.9999999999999 555.0000000000001 994.9999999999999 792 751 792 normal 0
458.00000000000006 576 597 576 597 806 458.00000000000006 806 cavity 0
306 584 471.99999999999994 584 471.99999999999994 800 306 800 cavity 0
594 566 759 566 759 824 594 824 normal 0