315 200 501 200 501 485 315 485 normal 0
1913.9999999999998 233 2074 233 2074 478 1913.9999999999998 478 normal 0
1741 163 1984 163 1984 573 1741 573 cavity 0
631 170 922 170 922 608 631 608 cavity 0
468 203 660 203 660 611 468 611 cavity 0
1549 237 1841 237 1841 600 1549 600 normal 0
1187 217 1580.9999999999998 217 1580.9999999999998 640 1187 640 normal 0
850 222.99999999999997 1261 222.99999999999997 1261 663 850 663 normal 0
325 443 491 443 491 610 325 610 normal 0
417.99999999999994 477 557 477 557 650 417.99999999999994 650 normal 0
514 512 648 512 648 684 514 684 normal 0
615 522 889 522 889 716.9999999999999 615 716.9999999999999 normal 0
1784 560 1941 560 1941 680 1784 680 normal 0
1444 518 1631 518 1631 770 1444 770 normal 0
1619 575 1814 575 1814 716.9999999999999 1619 716.9999999999999 normal 0
808 560 1034 560 1034 753.0000000000001 808 753.0000000000001 normal 0
1005 560 1244 560 1244 790 1005 790 normal 0
1208 588 1459 588 1459 790 1208 790 normal 0