279 494 405 494 405 746 279 746 normal 0
355 498 496 498 496 771 355 771 normal 0
1047 500 1324 500 1324 801 1047 801 normal 0
1329 496 1566 496 1566 834.9999999999999 1329 834.9999999999999 cavity 0
1556 510 1781 510 1781 824.9999999999999 1556 824.9999999999999 cavity 0
475 486 751 486 751 860 475 860 normal 0
1698 583 1948 583 1948 770 1698 770 cavity 0
747 479 1048 479 1048 884.0000000000001 747 884.0000000000001 normal 0
1744 807 1918 807 1918 960 1744 960 normal 0
393 805 536 805 536 1022 393 1022 normal 0
1589 859 1779 859 1779 1061 1589 1061 normal 0
495 816.9999999999999 645 816.9999999999999 645 1104 495 1104 cavity 0
1412 848 1638 848 1638 1080 1412 1080 cavity 0
645 836.9999999999999 798 836.9999999999999 798 1098 645 1098 cavity 0
1174 840 1437 840 1437 1130 1174 1130 cavity 0
778 856 963 856 963 1136 778 1136 cavity 0
962 847 1168 847 1168 1148 962 1148 cavity 0