1375 265 1577 265 1577 581 1375 581 normal 0
1555 264 1683 264 1683 587 1555 587 cavity 0
547 279 814 279 814 586 547 586 normal 0
1744 364 1778 364 1778 509 1744 509 normal 0
1681 336 1747 336 1747 550 1681 550 normal 0
407 288 588 288 588 607 407 607 cavity 0
808 278 1118 278 1118 623 808 623 normal 0
1096 285 1391 285 1391 622 1096 622 normal 0
239 353 340 353 340 561 239 561 normal 0
313 324 414 324 414 591 313 591 normal 0
1665 536 1726 536 1726 625 1665 625 normal 0
1562 561 1660 561 1660 681 1562 681 normal 0
577 565 748 565 748 747 577 747 normal 0
1451 561 1593 561 1593 777 1451 777 normal 0
739 576 936 576 936 767 739 767 normal 0
1291 574 1470 574 1470 780 1291 780 normal 0
914 605 1124 605 1124 768 914 768 normal 0
1117 609 1304 609 1304 776 1117 776 normal 0