755 59 1003.9999999999999 59 1003.9999999999999 375 755 375 normal 0
538 79 752 79 752 359 538 359 normal 0
250.99999999999997 67 536 67 536 398 250.99999999999997 398 normal 0
66 108.00000000000001 281 108.00000000000001 281 365.99999999999994 66 365.99999999999994 cavity 0
999 83 1201 83 1201 393 999 393 normal 0
1355 127 1490 127 1490 356 1355 356 normal 0
1202 105.00000000000001 1350 105.00000000000001 1350 388 1202 388 normal 0
5 111 108.00000000000001 111 108.00000000000001 413 5 413 normal 0
1062 343 1241 343 1241 486 1062 486 normal 0
623 313 857.0000000000001 313 857.0000000000001 537 623 537 normal 0
855 337 1084 337 1084 529 855 529 normal 0
427 337 626 337 626 531 427 531 normal 0
97 364 184 364 184 530 97 530 normal 0
166 364 288 364 288 531 166 531 normal 0
33 416 92 416 92 506 33 506 normal 0
279 393 426 393 426 537 279 537 normal 0