1156 230 1540.0000000000002 230 1540.0000000000002 730.0000000000001 1156 730.0000000000001 normal 0
1527 273 1802.9999999999998 273 1802.9999999999998 696 1527 696 normal 0
794 247 1156 247 1156 738 794 738 normal 0
559 291 796 291 796 698 559 698 normal 0
1792 321 1958 321 1958 709 1792 709 normal 0
1938 365.00000000000006 2044 365.00000000000006 2044 702 1938 702 normal 0
421 350 576 350 576 720 421 720 normal 0
361 411 467 411 467 707 361 707 normal 0
1923 692.0000000000001 2034.9999999999998 692.0000000000001 2034.9999999999998 817 1923 817 normal 0
1796 690.0000000000001 1946 690.0000000000001 1946 837 1796 837 normal 0
1657 685.9999999999999 1819 685.9999999999999 1819 877 1657 877 normal 0
452 732.0000000000001 560 732.0000000000001 560 844.9999999999999 452 844.9999999999999 normal 0
552 692.0000000000001 742.9999999999999 692.0000000000001 742.9999999999999 909 552 909 normal 0
717 708 964 708 964 934 717 934 cavity 0
1419 718 1671 718 1671 929.0000000000001 1419 929.0000000000001 cavity 0
949 709 1175 709 1175 942 949 942 cavity 0
1155 707 1426 707 1426 954 1155 954 cavity 0