0 105 81 105 81 219 0 219 normal 0
504 125 598 125 598 230.00000000000003 504 230.00000000000003 cavity 0
7 217 86 217 86 288 7 288 normal 0
457 213 558 213 558 330 457 330 cavity 0
20 291 99 291 99 369 20 369 normal 0
419 303 495 303 495 391 419 391 cavity 0
376 359.00000000000006 450 359.00000000000006 450 447 376 447 cavity 0
44 367 116 367 116 444 44 444 normal 0
99 426 152 426 152 491 99 491 normal 0
318 433 383 433 383 499 318 499 normal 0
149 454 205 454 205 509 149 509 normal 0
260 463 312.99999999999994 463 312.99999999999994 526 260 526 normal 0
204.00000000000003 473 261 473 261 526 204.00000000000003 526 normal 0
1 8 78.99999999999999 8 78.99999999999999 109 1 109 cavity 0