43 85 87 85 87 123 43 123 cavity 0
230.00000000000003 107 274 107 274 138 230.00000000000003 138 cavity 0
34 116.99999999999999 75 116.99999999999999 75 150 34 150 cavity 0
232.99999999999997 136 285 136 285 183 232.99999999999997 183 cavity 0
20 143 69 143 69 193 20 193 cavity 0
236 177 285 177 285 217 236 217 cavity 0
157.99999999999997 2 201 2 201 41 157.99999999999997 41 normal 0
111 2 157 2 157 42 111 42 normal 0
193 18 226 18 226 50 193 50 cavity 0
85 21 116 21 116 52 85 52 cavity 0
213 42 248 42 248 79 213 79 normal 0
60 43 96.99999999999999 43 96.99999999999999 81 60 81 cavity 0
219.99999999999997 75 265 75 265 111 219.99999999999997 111 cavity 0