159 204 336 204 336 441 159 441 cavity 0
321 216 489 216 489 439 321 439 normal 0
674 214 863 214 863 451 674 451 normal 0
487 200 686 200 686 464.99999999999994 487 464.99999999999994 normal 0
0 258 171 258 171 444 0 444 cavity 0
829 280 1013 280 1013 509 829 509 normal 0
365 393.00000000000006 552 393.00000000000006 552 604 365 604 cavity 0
716 422 852 422 852 592 716 592 normal 0
550 403 721 403 721 613 550 613 normal 0
170 415 368 415 368 610 170 610 cavity 0
850 475.00000000000006 939 475.00000000000006 939 584 850 584 normal 0
940 502 1023 502 1023 574 940 574 cavity 0