286 93 299 93 299 127 286 127 cavity 0
1 94 30 94 30 127 1 127 cavity 0
271 93 290 93 290 139 271 139 normal 0
249 96 273 96 273 142 249 142 cavity 0
32 99 66 99 66 141 32 141 cavity 0
156 102 188 102 188 140 156 140 cavity 0
121 98 156 98 156 151 121 151 cavity 0
189 110.99999999999999 221 110.99999999999999 221 140 189 140 cavity 0
220 107.00000000000001 248 107.00000000000001 248 145 220 145 cavity 0
65 105 93 105 93 147 65 147 cavity 0
90 105 122 105 122 150 90 150 cavity 0
282 40 298 40 298 97 282 97 cavity 0
266 42 283 42 283 95 266 95 cavity 0
223 49 267 49 267 109 223 109 cavity 0
130 53 170 53 170 106 130 106 cavity 0
0 69 13 69 13 91 0 91 cavity 0
95 51 129 51 129 110 95 110 cavity 0
171 52.00000000000001 223 52.00000000000001 223 110.99999999999999 171 110.99999999999999 cavity 0
13 64 42 64 42 102 13 102 cavity 0
68 62 96 62 96 109 68 109 cavity 0
43 68 70 68 70 105 43 105 cavity 0