190.99999999999997 102 225 102 225 149 190.99999999999997 149 normal 0
251 104 278 104 278 149 251 149 normal 0
222 104 261 104 261 153 222 153 normal 0
151 109 189 109 189 149 151 149 normal 0
113.00000000000001 108 149 108 149 154 113.00000000000001 154 normal 0
69 109 114 109 114 160 69 160 normal 0
0 119 35 119 35 162 0 162 normal 0
27.000000000000004 111 74 111 74 172 27.000000000000004 172 normal 0
194 64 232 64 232 105.99999999999999 194 105.99999999999999 normal 0
258 66 278 66 278 105.99999999999999 258 105.99999999999999 normal 0
229 61.00000000000001 269 61.00000000000001 269 109 229 109 normal 0
74 60 139 60 139 113.99999999999999 74 113.99999999999999 normal 0
139 59 197 59 197 113.99999999999999 139 113.99999999999999 normal 0
33 66 82 66 82 112 33 112 normal 0
0 62 38 62 38 117 0 117 normal 0