91 71 97 71 97 85 91 85 normal 0
96 70 105 70 105 88 96 88 normal 0
162 73 171 73 171 87 162 87 normal 0
104 72 117 72 117 92 104 92 normal 0
155 73 166 73 166 90 155 90 normal 0
143 75 156 75 156 93 143 93 normal 0
114 76 130 76 130 94.00000000000001 114 94.00000000000001 normal 0
130 76 145 76 145 94.00000000000001 130 94.00000000000001 normal 0
147 91 157 91 157 97 147 97 normal 0
111 92 123 92 123 98 111 98 normal 0
139 92 150 92 150 100.00000000000001 139 100.00000000000001 normal 0
120 93 130 93 130 101 120 101 normal 0
127 93 140 93 140 102 127 102 normal 0