7 141 35 141 35 172 7 172 normal 0
227 145 247 145 247 173 227 173 normal 0
30 146 59 146 59 177 30 177 normal 0
188 143 215 143 215 182 188 182 normal 0
160 148 195 148 195 181 160 181 normal 0
80 146 114 146 114 183 80 183 normal 0
213 152 237 152 237 179 213 179 normal 0
109 149 142 149 142 183 109 183 normal 0
53 149 81.00000000000001 149 81.00000000000001 183 53 183 normal 0
135 151 168 151 168 182 135 182 normal 0
87 48 133 48 133 95 87 95 normal 0
177 52 205 52 205 92 177 92 normal 0
132 50.00000000000001 178 50.00000000000001 178 96 132 96 normal 0
56 54 87 54 87 93 56 93 normal 0
21 59.00000000000001 59 59.00000000000001 59 104 21 104 normal 0
208 63 232 63 232 105 208 105 normal 0
12 71 38 71 38 109 12 109 normal 0
0 75 20 75 20 112 0 112 normal 0
221 82 242 82 242 109 221 109 normal 0
235 86 251.99999999999997 86 251.99999999999997 113 235 113 normal 0