254 200 285 200 285 281 254 281 normal 0
629 211 658 211 658 270 629 270 normal 0
607 211 639 211 639 279 607 279 normal 0
278 211 315 211 315 286 278 286 normal 0
568 211 616 211 616 294 568 294 normal 0
302 210 350 210 350 297 302 297 normal 0
518 213 575 213 575 296 518 296 normal 0
337 211 393 211 393 304 337 304 normal 0
463.00000000000006 218 532 218 532 308 463.00000000000006 308 normal 0
382 221 462 221 462 312 382 312 normal 0
537 289 580 289 580 328 537 328 normal 0
505.99999999999994 294 552 294 552 340 505.99999999999994 340 normal 0
373 298 426 298 426 341 373 341 normal 0
471 294 515 294 515 346 471 346 normal 0
416 300 466.99999999999994 300 466.99999999999994 348 416 348 normal 0