367 63 418 63 418 157 367 157 normal 0
410 65 439 65 439 156 410 156 normal 0
307 64 379 64 379 161 307 161 normal 0
244 78 309 78 309 163 244 163 normal 0
172 90 244 90 244 184 172 184 normal 0
99 129 176 129 176 201.00000000000003 99 201.00000000000003 normal 0
35 148 105 148 105 213.99999999999997 35 213.99999999999997 normal 0
0 163 44 163 44 221 0 221 normal 0
335 241 370 241 370 281 335 281 normal 0
365 242.00000000000003 396 242.00000000000003 396 280 365 280 normal 0
303 243 343 243 343 283 303 283 normal 0
254 246 313 246 313 282 254 282 normal 0
198 251 257 251 257 280 198 280 normal 0