801 163 852 163 852 286 801 286 normal 0
732 183 826 183 826 295 732 295 normal 0
648 206.00000000000003 783 206.00000000000003 783 340 648 340 normal 0
812 274 872 274 872 317 812 317 normal 0
765 275 828 275 828 347 765 347 normal 0
551 260 698 260 698 389 551 389 normal 0
735 312 803 312 803 376 735 376 normal 0
674 327 753 327 753 396 674 396 normal 0
486 313 588 313 588 428 486 428 normal 0
610 354 705 354 705 430.00000000000006 610 430.00000000000006 normal 0
413 331 502 331 502 460 413 460 normal 0
552 389 635 389 635 456 552 456 normal 0
363 395 441 395 441 486 363 486 normal 0
506 414 579 414 579 486 506 486 normal 0
312 409 402 409 402 498 312 498 normal 0
448 449.00000000000006 520 449.00000000000006 520 503.00000000000006 448 503.00000000000006 normal 0