255 96 275 96 275 130 255 130 normal 0
0 95 21 95 21 136 0 136 normal 0
240 99.00000000000001 269 99.00000000000001 269 144 240 144 normal 0
7 100.00000000000001 49 100.00000000000001 49 150 7 150 normal 0
46 99.00000000000001 86 99.00000000000001 86 154 46 154 cavity 0
192.00000000000003 105 225 105 225 149 192.00000000000003 149 normal 0
222 95 251 95 251 160 222 160 normal 0
82 106 125 106 125 156 82 156 normal 0
124 107 160 107 160 158 124 158 normal 0
157 109 198 109 198 159 157 159 normal 0
0 36 13 36 13 94 0 94 normal 0
6.000000000000001 38 42 38 42 98.00000000000001 6.000000000000001 98.00000000000001 cavity 0
233 35 270 35 270 100.99999999999999 233 100.99999999999999 normal 0
37 34 85 34 85 101.99999999999999 37 101.99999999999999 normal 0
80 40 142 40 142 111 80 111 normal 0
193 43 238 43 238 109 193 109 normal 0
135 40 201 40 201 116 135 116 normal 0