819 147 1003 147 1003 436.00000000000006 819 436.00000000000006 normal 0
337 120 598 120 598 468 337 468 normal 0
211 162 375 162 375 428.00000000000006 211 428.00000000000006 cavity 0
583 125 849 125 849 464 583 464 normal 0
107 177 225 177 225 492 107 492 cavity 0
1118 245.00000000000003 1165 245.00000000000003 1165 453 1118 453 normal 0
1070 238 1145 238 1145 473 1070 473 normal 0
71 245.00000000000003 141 245.00000000000003 141 482.99999999999994 71 482.99999999999994 normal 0
1103 450 1153 450 1153 530 1103 530 normal 0
868.0000000000001 394 1011 394 1011 592 868.0000000000001 592 cavity 0
131 439 232 439 232 550 131 550 normal 0
742 389 877 389 877 602 742 602 normal 0
1068 462 1129 462 1129 552 1068 552 normal 0
206 414 349 414 349 605 206 605 cavity 0
471 418 619 418 619 604 471 604 normal 0
991 451 1104 451 1104 577 991 577 normal 0
591 420 750 420 750 613 591 613 normal 0
345 443 480 443 480 601 345 601 cavity 0