236 90 256 90 256 112 236 112 normal 0
2 142 35 142 35 170 2 170 normal 0
227 149 245 149 245 176 227 176 normal 0
23 149 61 149 61 177 23 177 normal 0
78 142 111 142 111 185 78 185 normal 0
160 147 192 147 192 181 160 181 normal 0
53 145 81 145 81 185 53 185 normal 0
104 147 138 147 138 184 104 184 normal 0
135 148 165 148 165 185 135 185 normal 0
187 149 214 149 214 185 187 185 normal 0
207 154 235 154 235 185 207 185 normal 0
52 48 87 48 87 96 52 96 normal 0
129 50 179 50 179 95 129 95 normal 0
84 51 136 51 136 95 84 95 normal 0
176 55 208 55 208 96 176 96 normal 0
20 54 60 54 60 102 20 102 normal 0
7 66 35 66 35 104 7 104 normal 0
199 66 234 66 234 108 199 108 normal 0
224 81 247 81 247 109 224 109 normal 0