624 170 653 170 653 210 624 210 normal 0
181 166 201 166 201 224 181 224 normal 0
594 169 635 169 635 222 594 222 normal 0
482 162 553 162 553 240.00000000000003 482 240.00000000000003 normal 0
194 168 223 168 223 241 194 241 normal 0
545 165 601 165 601 242.99999999999997 545 242.99999999999997 normal 0
252 162 321 162 321 248.00000000000003 252 248.00000000000003 normal 0
214 165 266 165 266 246 214 246 normal 0
395 163 495.99999999999994 163 495.99999999999994 250 395 250 normal 0
307 166 402 166 402 248.00000000000003 307 248.00000000000003 normal 0
204 253.00000000000003 240 253.00000000000003 240 288 204 288 normal 0
227 255 266 255 266 302 227 302 normal 0
551 268 591 268 591 298 551 298 normal 0
253 267 300 267 300 316 253 316 normal 0
507 270 556 270 556 317 507 317 normal 0
449 271 513 271 513 327 449 327 normal 0
294 275 355 275 355 324 294 324 normal 0
347 272 408 272 408 329 347 329 normal 0
397 275 457 275 457 328 397 328 normal 0