214 93 235 93 235 112.99999999999999 214 112.99999999999999 cavity 0
11 91 30 91 30 116 11 116 cavity 0
24.000000000000004 95 45 95 45 123 24.000000000000004 123 cavity 0
200 96 221 96 221 121 200 121 cavity 0
34.99999999999999 97 56 97 56 129 34.99999999999999 129 cavity 0
186 102 207 102 207 126.00000000000001 186 126.00000000000001 cavity 0
52 98 75 98 75 129 52 129 cavity 0
69.99999999999999 100 98 100 98 129 69.99999999999999 129 cavity 0
143 103.00000000000001 171 103.00000000000001 171 128 143 128 cavity 0
166 101 192.00000000000003 101 192.00000000000003 129 166 129 cavity 0
118 105 146 105 146 129 118 129 cavity 0
94 103.99999999999999 120 103.99999999999999 120 131 94 131 cavity 0
6.000000000000001 60 16 60 16 86 6.000000000000001 86 cavity 0
34 48 59 48 59 98.99999999999999 34 98.99999999999999 cavity 0
24.000000000000004 56 40 56 40 96 24.000000000000004 96 cavity 0
57 50 87 50 87 101 57 101 cavity 0
14 59 30 59 30 94.00000000000001 14 94.00000000000001 cavity 0
190 51 218 51 218 102 190 102 cavity 0
163 55 198 55 198 105 163 105 cavity 0
208 59 228 59 228 102 208 102 cavity 0
124 51.99999999999999 169 51.99999999999999 169 110 124 110 cavity 0
85 51.99999999999999 127 51.99999999999999 127 112.99999999999999 85 112.99999999999999 cavity 0