861 336 902.0000000000001 336 902.0000000000001 398 861 398 normal 0
724 329 798.9999999999999 329 798.9999999999999 405 724 405 normal 0
482.00000000000006 325 548 325 548 412 482.00000000000006 412 normal 0
836 332 874 332 874 405 836 405 normal 0
630 328 734 328 734 412 630 412 normal 0
782 329 849 329 849 413 782 413 normal 0
385.99999999999994 338 423 338 423 408 385.99999999999994 408 normal 0
439 326 485 326 485 425 439 425 normal 0
543 337 640 337 640 414 543 414 normal 0
406 333 445 333 445 419 406 419 normal 0
446 405 483.99999999999994 405 483.99999999999994 435 446 435 normal 0
789 403 845 403 845 439 789 439 normal 0
470 402 531 402 531 450 470 450 normal 0
740 399 800 399 800 460 740 460 normal 0
526 399 584 399 584 465 526 465 normal 0
682.9999999999999 397 757 397 757 472 682.9999999999999 472 normal 0
631 399 696 399 696 469 631 469 normal 0
576 406 640 406 640 468 576 468 normal 0