53 104 78 104 78 123.00000000000001 53 123.00000000000001 cavity 0
188 110 208 110 208 124 188 124 normal 0
178 115 199 115 199 127 178 127 normal 0
75 112 97 112 97 130 75 130 cavity 0
158 115 179 115 179 130 158 130 normal 0
99.00000000000001 117.00000000000001 119 117.00000000000001 119 131 99.00000000000001 131 cavity 0
140 120 158 120 158 132 140 132 normal 0
117 120 137 120 137 131 117 131 cavity 0
141 50.00000000000001 172.00000000000003 50.00000000000001 172.00000000000003 92 141 92 normal 0
172.00000000000003 52 194 52 194 90 172.00000000000003 90 normal 0
81 52 103 52 103 90 81 90 cavity 0
104 51 137 51 137 94.00000000000001 104 94.00000000000001 cavity 0
64 57 88 57 88 94.00000000000001 64 94.00000000000001 cavity 0
194 59 214 59 214 95 194 95 normal 0
212 63 229 63 229 95 212 95 normal 0
228 67 239 67 239 93 228 93 normal 0
52 65 70 65 70 97 52 97 cavity 0
41 69 53 69 53 91 41 91 cavity 0