204 81 304 81 304 214 204 214 normal 0
404 96 473 96 473 214 404 214 cavity 0
93 100 154 100 154 210 93 210 cavity 0
296 99 413 99 413 211 296 211 normal 0
139 103 223 103 223 217 139 217 normal 0
54 119.99999999999999 99 119.99999999999999 99 203 54 203 cavity 0
477 111 546 111 546 213 477 213 cavity 0
591 117.99999999999999 629 117.99999999999999 629 205 591 205 normal 0
542 118.99999999999999 599 118.99999999999999 599 206 542 206 cavity 0
29 123 66 123 66 205 29 205 normal 0
1 128 39 128 39 208 1 208 normal 0
80 182 139 182 139 273 80 273 cavity 0
2 204 57 204 57 251 2 251 cavity 0
510 181 566 181 566 277 510 277 cavity 0
48 198 101 198 101 261 48 261 cavity 0
608 202 640 202 640 263 608 263 cavity 0
558 199 618 199 618 269 558 269 cavity 0
318 201 380 201 380 291 318 291 normal 0
254 202 314 202 314 292 254 292 normal 0
196 198 259 198 259 297 196 297 normal 0
441 201 523 201 523 296 441 296 cavity 0
374 202 444 202 444 297 374 297 normal 0
129 209 192 209 192 292 129 292 cavity 0