676 101 729 101 729 187 676 187 normal 0
625 117 673 117 673 181 625 181 normal 0
576 137 626 137 626 198 576 198 normal 0
713 136 802 136 802 207 713 207 normal 0
481 196 541 196 541 249.00000000000003 481 249.00000000000003 normal 0
781 216 861 216 861 283 781 283 normal 0
436 251 513 251 513 328 436 328 normal 0
796 284 877 284 877 357 796 357 normal 0
395 304 485 304 485 435 395 435 cavity 0
803 350 904 350 904 461 803 461 cavity 0
346 410 454 410 454 527 346 527 cavity 0
822 470 916 470 916 557 822 557 cavity 0
331 520 424 520 424 606 331 606 cavity 0
821 637 954 637 954 697 821 697 cavity 0
832 689 956 689 956 736 832 736 cavity 0
832 740 926 740 926 771 832 771 normal 0
782 780 859 780 859 819 782 819 normal 0
673 791 736 791 736 837 673 837 normal 0