227 107.00000000000001 257 107.00000000000001 257 154 227 154 cavity 0
23 103.99999999999999 48 103.99999999999999 48 165 23 165 cavity 0
44 106.00000000000001 75 106.00000000000001 75 167 44 167 cavity 0
198 110 226 110 226 166 198 166 cavity 0
75 111 117 111 117 169 75 169 cavity 0
158 109 198 109 198 173 158 173 cavity 0
116 111 160 111 160 173 116 173 cavity 0
49 38 78 38 78 66 49 66 cavity 0
209 42 234 42 234 88 209 88 cavity 0
85 32 142 32 142 98 85 98 cavity 0
140.99999999999997 34 209 34 209 98 140.99999999999997 98 cavity 0
22 49 52 49 52 85 22 85 cavity 0