71 114 93 114 93 139 71 139 normal 0
93 119.99999999999999 114.99999999999999 119.99999999999999 114.99999999999999 146 93 146 normal 0
114 120.99999999999999 139 120.99999999999999 139 146 114 146 cavity 0
139 123 162 123 162 149 139 149 cavity 0
187 129 202 129 202 147 187 147 normal 0
161 128 186 128 186 149 161 149 normal 0
100 54 134 54 134 97 100 97 cavity 0
135 56 169 56 169 100.00000000000001 135 100.00000000000001 cavity 0
72 63 96.00000000000001 63 96.00000000000001 97 72 97 cavity 0
43 57 69.99999999999999 57 69.99999999999999 102.99999999999999 43 102.99999999999999 cavity 0
172 69 198 69 198 106 172 106 cavity 0
199 71 223 71 223 112 199 112 cavity 0
224 81 241 81 241 118.99999999999999 224 118.99999999999999 cavity 0