85 65 104 65 104 84 85 84 cavity 0
67 67 85 67 85 83 67 83 cavity 0
105 65 131 65 131 89 105 89 cavity 0
135 66 162 66 162 90 135 90 cavity 0
164 71 184 71 184 87 164 87 cavity 0
55 73 65 73 65 88 55 88 cavity 0
185.00000000000003 74 205 74 205 89 185.00000000000003 89 cavity 0
208 77 225 77 225 90 208 90 cavity 0
78 75 96 75 96 100.00000000000001 78 100.00000000000001 cavity 0
61 78 77 78 77 100.00000000000001 61 100.00000000000001 cavity 0
96 80 114 80 114 100.00000000000001 96 100.00000000000001 cavity 0
193 80 218 80 218 102 193 102 cavity 0
173 76 194 76 194 104.99999999999999 173 104.99999999999999 normal 0
134 81 153 81 153 103 134 103 normal 0
156 83 174 83 174 103 156 103 normal 0
113 87 132 87 132 101 113 101 cavity 0