27 48 43 48 43 68 27 68 cavity 0
225 54 251 54 251 76 225 76 cavity 0
42 58.99999999999999 58 58.99999999999999 58 73 42 73 cavity 0
63 61 80 61 80 80 63 80 cavity 0
81 58.99999999999999 108 58.99999999999999 108 82 81 82 cavity 0
107 62 138 62 138 88.00000000000001 107 88.00000000000001 cavity 0
147 64 176 64 176 91 147 91 cavity 0
178 66 201 66 201 90 178 90 cavity 0
202.00000000000003 66 222 66 222 90 202.00000000000003 90 cavity 0
27 64 64 64 64 96 27 96 cavity 0
222 70 250 70 250 92.99999999999999 222 92.99999999999999 cavity 0
65 75 90 75 90 101.99999999999999 65 101.99999999999999 normal 0
92 83 111 83 111 106 92 106 normal 0
139 83 155 83 155 108 139 108 normal 0
161 87 178 87 178 108.99999999999999 161 108.99999999999999 normal 0
114 86 133 86 133 108.99999999999999 114 108.99999999999999 normal 0
184 88.00000000000001 202.00000000000003 88.00000000000001 202.00000000000003 108.99999999999999 184 108.99999999999999 normal 0