120 80 154 80 154 138 120 138 normal 0
198 101 234 101 234 143 198 143 normal 0
72 110 113 110 113 141 72 141 normal 0
0 100 27 100 27 151 0 151 normal 0
160 114 195 114 195 141 160 141 normal 0
236 96.99999999999999 267 96.99999999999999 267 159 236 159 cavity 0
268 99 300 99 300 158 268 158 cavity 0
26 103 71 103 71 154 26 154 normal 0
74 34 143 34 143 115 74 115 cavity 0
153 37 219.99999999999997 37 219.99999999999997 115 153 115 normal 0
28 46.00000000000001 74 46.00000000000001 74 107 28 107 cavity 0
264 35 300 35 300 117.99999999999999 264 117.99999999999999 cavity 0
0 46.00000000000001 27 46.00000000000001 27 110 0 110 cavity 0
219.99999999999997 50.99999999999999 262 50.99999999999999 262 106 219.99999999999997 106 cavity 0