209 111.99999999999999 245.99999999999997 111.99999999999999 245.99999999999997 161 209 161 normal 0
146 116.99999999999999 177 116.99999999999999 177 157 146 157 normal 0
177 115 209 115 209 160 177 160 normal 0
112 116.99999999999999 146 116.99999999999999 146 159 112 159 normal 0
239 122.00000000000001 266 122.00000000000001 266 156 239 156 normal 0
80 119 113 119 113 163 80 163 normal 0
19 126 51 126 51 158 19 158 normal 0
49 120 80 120 80 167 49 167 normal 0
0 127.99999999999999 37 127.99999999999999 37 166 0 166 normal 0
146 47 193 47 193 85 146 85 cavity 0
193 47 223 47 223 87 193 87 cavity 0
93 50.99999999999999 142 50.99999999999999 142 89 93 89 cavity 0
61 57 95.00000000000001 57 95.00000000000001 95 61 95 cavity 0
219 55 257 55 257 103 219 103 normal 0
250 66 269 66 269 101.99999999999999 250 101.99999999999999 normal 0
27 66 67 66 67 110 27 110 normal 0
7 80 38 80 38 111.99999999999999 7 111.99999999999999 normal 0