0 76 37 76 37 124 0 124 normal 0
41 75.00000000000001 86 75.00000000000001 86 129 41 129 cavity 0
87.00000000000001 74 130 74 130 131 87.00000000000001 131 cavity 0
175 19 239 19 239 74 175 74 cavity 0
112 20 176 20 176 74 112 74 normal 0
233 26 279 26 279 77 233 77 normal 0
67 29.999999999999996 113.00000000000001 29.999999999999996 113.00000000000001 79 67 79 normal 0
277 29.999999999999996 319 29.999999999999996 319 82 277 82 normal 0
20 34 69 34 69 88 20 88 normal 0
0 58 21 58 21 79 0 79 normal 0
294 74 336 74 336 122 294 122 normal 0
214.99999999999997 72 259 72 259 126 214.99999999999997 126 cavity 0
135 78 172 78 172 119.99999999999999 135 119.99999999999999 cavity 0
259 71 306 71 306 129 259 129 normal 0
174.00000000000003 77 214 77 214 123 174.00000000000003 123 cavity 0