111 97 125 97 125 111.99999999999999 111 111.99999999999999 normal 0
97 96 111 96 111 113.00000000000001 97 113.00000000000001 cavity 0
126 97 142 97 142 111.99999999999999 126 111.99999999999999 normal 0
156 95 171 95 171 114 156 114 normal 0
81 97 97 97 97 113.00000000000001 81 113.00000000000001 cavity 0
141 98 155 98 155 113.00000000000001 141 113.00000000000001 normal 0
170 99 181 99 181 114 170 114 cavity 0
91 79 104 79 104 95 91 95 normal 0
104 78 127 78 127 98 104 98 cavity 0
75 79 91 79 91 97 75 97 normal 0
151 81 166 81 166 96 151 96 cavity 0
128 80 151 80 151 99 128 99 cavity 0
168 83 178 83 178 99 168 99 cavity 0