9 96 38 96 38 128 9 128 cavity 0
32 93 70 93 70 136 32 136 cavity 0
70 95 98 95 98 141 70 141 cavity 0
100 101 130 101 130 143 100 143 cavity 0
132 104 160 104 160 144 132 144 cavity 0
163 103 192 103 192 147 163 147 cavity 0
213 106.99999999999999 236 106.99999999999999 236 145 213 145 cavity 0
193 105 216 105 216 147 193 147 cavity 0
98 44 153 44 153 103 98 103 cavity 0
57 57.00000000000001 91 57.00000000000001 91 97 57 97 cavity 0
151 49 209 49 209 106 151 106 cavity 0
208 50 234 50 234 110 208 110 cavity 0