0 85 64 85 64 181 0 181 normal 0
437 101 517 101 517 192 437 192 cavity 0
0 183 69 183 69 248.00000000000003 0 248.00000000000003 normal 0
388 181 483 181 483 277 388 277 cavity 0
9 245 80 245 80 318 9 318 normal 0
364 259 433 259 433 333 364 333 cavity 0
32 316 95 316 95 379 32 379 normal 0
323 309 390 309 390 390 323 390 cavity 0
78 369 129 369 129 421 78 421 normal 0
268 367 333 367 333 428 268 428 normal 0
126 394 176 394 176 445 126 445 cavity 0
227 405 279 405 279 446 227 446 normal 0
175 407 224 407 224 446 175 446 normal 0
0 0 70 0 70 86 0 86 cavity 0