216 104 250 104 250 171 216 171 normal 0
251 113 263 113 263 166 251 166 normal 0
184 115 219 115 219 174 184 174 normal 0
136 114 187 114 187 187 136 187 normal 0
84 121 137 121 137 188 84 188 normal 0
16 125 55 125 55 189 16 189 normal 0
53 134 84 134 84 182 53 182 normal 0
2 135 23 135 23 182 2 182 normal 0
250 164 263 164 263 192 250 192 normal 0
236 167 257 167 257 192 236 192 normal 0
207 169 238 169 238 192 207 192 normal 0
5 178 29 178 29 192 5 192 normal 0
176 178 209 178 209 192 176 192 normal 0
30 180 56 180 56 192 30 192 normal 0
58 180 84 180 84 192 58 192 normal 0
217 16 246 16 246 78 217 78 cavity 0
185 20 216 20 216 74 185 74 cavity 0
242 25 261 25 261 72 242 72 cavity 0
134 18 185 18 185 87 134 87 cavity 0
46 30 81 30 81 80 46 80 cavity 0
11 23 47 23 47 88 11 88 cavity 0
82 25 134 25 134 88 82 88 cavity 0
0 40 15 40 15 80 0 80 normal 0
241 68 260 68 260 96 241 96 normal 0
225 74 246 74 246 96 225 96 normal 0
197 76 227 76 227 98 197 98 normal 0
12 76 42 76 42 96 12 96 normal 0
42 76 75.99999999999999 76 75.99999999999999 96 42 96 normal 0
0 79 12 79 12 98 0 98 normal 0
165 83 199 83 199 95 165 95 normal 0
75 82 107 82 107 97 75 97 normal 0
109 88 136 88 136 98 109 98 normal 0