21 86 42 86 42 121 21 121 normal 0
0 93 22 93 22 118 0 118 normal 0
138 46.00000000000001 165 46.00000000000001 165 78 138 78 cavity 0
99 48 133 48 133 82 99 82 cavity 0
60 48 97 48 97 83 60 83 cavity 0
166 51 189 51 189 82 166 82 cavity 0
190 54 200 54 200 81.00000000000001 190 81.00000000000001 cavity 0
27 53 57.99999999999999 53 57.99999999999999 88 27 88 cavity 0
0 59 28.999999999999996 59 28.999999999999996 90 0 90 cavity 0
150 74 175 74 175 109 150 109 cavity 0
176 81.00000000000001 198 81.00000000000001 198 105 176 105 cavity 0
125 78 150 78 150 110 125 110 normal 0
98 81.00000000000001 122 81.00000000000001 122 108 98 108 normal 0
45 80 70 80 70 116 45 116 normal 0
70 83 96 83 96 113.99999999999999 70 113.99999999999999 normal 0