13 85 50 85 50 128 13 128 normal 0
185.00000000000003 96 217.99999999999997 96 217.99999999999997 131 185.00000000000003 131 normal 0
111 98 143 98 143 132 111 132 normal 0
220 94 258 94 258 138 220 138 normal 0
144 106 175 106 175 130 144 130 normal 0
72 105 104 105 104 134 72 134 normal 0
42 103 72 103 72 144 42 144 normal 0
139 56 199 56 199 105 139 105 normal 0
198 62 232 62 232 101.99999999999999 198 101.99999999999999 cavity 0
81 61 136 61 136 111.00000000000001 81 111.00000000000001 normal 0
231 65 274 65 274 117.99999999999999 231 117.99999999999999 cavity 0
52 79 82 79 82 116 52 116 cavity 0