18 97 59 97 59 127.99999999999999 18 127.99999999999999 cavity 0
191 122 235 122 235 156 191 156 cavity 0
216 159 243 159 243 184 216 184 cavity 0
191 164 219 164 219 194 191 194 cavity 0
46 162 75 162 75 197 46 197 cavity 0
157 163 191 163 191 197 157 197 cavity 0
29 168 49 168 49 196 29 196 cavity 0
101 170 134 170 134 197 101 197 normal 0
73 170 102 170 102 197 73 197 normal 0
119 18 165 18 165 52.99999999999999 119 52.99999999999999 cavity 0
77 17 116 17 116 56.99999999999999 77 56.99999999999999 cavity 0
51 31.999999999999996 84 31.999999999999996 84 65 51 65 cavity 0
159 33 191 33 191 63 159 63 cavity 0
183 52 212 52 212 79 183 79 cavity 0
28 52.99999999999999 66 52.99999999999999 66 95 28 95 cavity 0