231 170 286 170 286 235 231 235 cavity 0
174 170 229.99999999999997 170 229.99999999999997 235 174 235 cavity 0
290 165 401.99999999999994 165 401.99999999999994 246 290 246 cavity 0
400 185 516 185 516 262 400 262 cavity 0
519 219 595 219 595 279 519 279 cavity 0
601 259 662 259 662 337 601 337 cavity 0
140 350 211 350 211 419 140 419 cavity 0
213 400 274 400 274 453 213 453 normal 0
273 423 339 423 339 473.99999999999994 273 473.99999999999994 normal 0
338 446 407 446 407 476 338 476 normal 0
409 450 476.99999999999994 450 476.99999999999994 476 409 476 cavity 0