0 86 33 86 33 115 0 115 normal 0
182 85 225 85 225 131 182 131 cavity 0
6 117 39 117 39 147 6 147 normal 0
171 123 203 123 203 154 171 154 cavity 0
149 145 183 145 183 183 149 183 cavity 0
12 149 44 149 44 178 12 178 normal 0
0 1 32 1 32 38 0 38 cavity 0
37 171 59 171 59 197 37 197 normal 0
124.99999999999999 174 156 174 156 202 124.99999999999999 202 normal 0
59 183 84 183 84 205 59 205 normal 0
102 187 127 187 127 208 102 208 normal 0
81 188 106 188 106 208 81 208 normal 0
0 41 28 41 28 82 0 82 normal 0
202 48 242 48 242 90 202 90 cavity 0