159 70 173.00000000000003 70 173.00000000000003 81 159 81 cavity 0
144 67 159 67 159 86 144 86 cavity 0
112 70 122 70 122 84 112 84 cavity 0
125 69 139.99999999999997 69 139.99999999999997 84 125 84 cavity 0
168 70 183 70 183 85 168 85 cavity 0
94 71 109 71 109 95 94 95 cavity 0
155 81 164 81 164 99.00000000000001 155 99.00000000000001 normal 0
165 83 177 83 177 98.00000000000001 165 98.00000000000001 normal 0
143 85 153 85 153 101.99999999999999 143 101.99999999999999 normal 0
104 83 118 83 118 105 104 105 normal 0
120 84 131 84 131 105 120 105 normal 0
133 86 144 86 144 102.99999999999999 133 102.99999999999999 normal 0
91 93 101 93 101 102.99999999999999 91 102.99999999999999 normal 0