229 103.00000000000001 258 103.00000000000001 258 135 229 135 cavity 0
1 111 21 111 21 133 1 133 normal 0
18 112 55 112 55 147 18 147 normal 0
174 108.00000000000001 214 108.00000000000001 214 154 174 154 normal 0
213 112.99999999999999 247 112.99999999999999 247 152 213 152 cavity 0
113 115 142 115 142 151 113 151 normal 0
47 117.00000000000001 83 117.00000000000001 83 150 47 150 normal 0
143 119 181 119 181 150 143 150 normal 0
81 120 114 120 114 151 81 151 normal 0
187 62 216 62 216 103.99999999999999 187 103.99999999999999 cavity 0
138 55 186 55 186 115 138 115 cavity 0
212 59 237 59 237 112 212 112 cavity 0
78 56 128 56 128 118 78 118 cavity 0
43 67 80 67 80 114 43 114 cavity 0
13 73 45 73 45 116 13 116 cavity 0