451.99999999999994 87 528 87 528 164 451.99999999999994 164 normal 0
422 133 493 133 493 211 422 211 normal 0
72 96 231.99999999999997 96 231.99999999999997 253 72 253 cavity 0
19 192 150 192 150 317 19 317 cavity 0
562 0 665 0 665 72 562 72 normal 0
95 374 206.99999999999997 374 206.99999999999997 485 95 485 cavity 0
194 375 319 375 319 508 194 508 cavity 0
318 387 461.00000000000006 387 461.00000000000006 521 318 521 cavity 0
740 409 800 409 800 527 740 527 cavity 0
454 413.99999999999994 551 413.99999999999994 551 530 454 530 cavity 0
286 0 420 0 420 96.99999999999999 286 96.99999999999999 cavity 0
649 410 742 410 742 557 649 557 cavity 0
553 427 648 427 648 540 553 540 cavity 0
501 34 593 34 593 140 501 140 normal 0
164 8 343 8 343 191 164 191 cavity 0