3 35 9 35 9 50 3 50 normal 0
91 35 100 35 100 52 91 52 cavity 0
7.000000000000001 34 17 34 17 55.00000000000001 7.000000000000001 55.00000000000001 normal 0
69 34 81 34 81 56.00000000000001 69 56.00000000000001 normal 0
17 33 28.000000000000004 33 28.000000000000004 56.99999999999999 17 56.99999999999999 normal 0
81 34 89 34 89 57.99999999999999 81 57.99999999999999 cavity 0
49 34 68 34 68 57.99999999999999 49 57.99999999999999 cavity 0
28.999999999999996 35 48 35 48 59 28.999999999999996 59 cavity 0
84 56.00000000000001 91 56.00000000000001 91 63 84 63 cavity 0
17 56.00000000000001 24 56.00000000000001 24 66 17 66 cavity 0
73 56.99999999999999 81 56.99999999999999 81 67 73 67 cavity 0
26 56.99999999999999 37 56.99999999999999 37 69 26 69 cavity 0
62 56.99999999999999 72 56.99999999999999 72 72 62 72 normal 0
38 59 49 59 49 74 38 74 normal 0
50 60 59 60 59 75 50 75 normal 0