114 61.99999999999999 148 61.99999999999999 148 81 114 81 cavity 0
85 63 113 63 113 89.99999999999999 85 89.99999999999999 cavity 0
154 60 190.99999999999997 60 190.99999999999997 93 154 93 cavity 0
199.99999999999997 63 223 63 223 91 199.99999999999997 91 cavity 0
56 65 91 65 91 98 56 98 cavity 0
222 65 254.00000000000003 65 254.00000000000003 98 222 98 cavity 0
40 72 63.99999999999999 72 63.99999999999999 97 40 97 cavity 0
104 78 127.99999999999999 78 127.99999999999999 103 104 103 cavity 0
80 81 102 81 102 102 80 102 cavity 0
127.99999999999999 80 150 80 150 103 127.99999999999999 103 cavity 0
184 84 199 84 199 104 184 104 cavity 0
151 84.99999999999999 176 84.99999999999999 176 105.00000000000001 151 105.00000000000001 cavity 0
207.00000000000003 89 231 89 231 107 207.00000000000003 107 cavity 0