1223 177 1366 177 1366 442 1223 442 cavity 0
918.9999999999999 139 1225 139 1225 503 918.9999999999999 503 normal 0
562 128 874.0000000000001 128 874.0000000000001 515 562 515 cavity 0
62 163 346 163 346 494 62 494 cavity 0
338 185 569 185 569 472 338 472 cavity 0
0 307 86 307 86 498 0 498 cavity 0
763 341 923 341 923 633 763 633 normal 0
1128 425 1270 425 1270 602 1128 602 normal 0
1275 433 1366 433 1366 627 1275 627 cavity 0
0 411 137 411 137 651 0 651 normal 0
538 446 731 446 731 652 538 652 normal 0
921 464 1102 464 1102 646 921 646 normal 0
127 443 321 443 321 686 127 686 normal 0
318 426 530 426 530 715 318 715 normal 0