127 87 155 87 155 117 127 117 normal 0
214 87 242.00000000000003 87 242.00000000000003 117 214 117 normal 0
156 90 185 90 185 117 156 117 normal 0
185 88 211 88 211 119 185 119 normal 0
44 53 75 53 75 91 44 91 cavity 0
75 64 101 64 101 96 75 96 cavity 0
150 73 195 73 195 94 150 94 cavity 0
106 69 148 69 148 98 106 98 cavity 0
200 74 228.99999999999997 74 228.99999999999997 95 200 95 cavity 0
231.99999999999997 73 261 73 261 102 231.99999999999997 102 cavity 0
68 81 98 81 98 108 68 108 normal 0
99 83 125 83 125 112 99 112 normal 0
251 89 266 89 266 108 251 108 cavity 0