153 92 178 92 178 114 153 114 cavity 0
55 96 75 96 75 118 55 118 cavity 0
188 106 208 106 208 130 188 130 cavity 0
50 113 71 113 71 136 50 136 cavity 0
212 118 224 118 224 135 212 135 cavity 0
227 128 236 128 236 139 227 139 cavity 0
64 126 83 126 83 152 64 152 normal 0
85 130 101 130 101 152 85 152 normal 0
107 132 124 132 124 157 107 157 normal 0
149 136 172 136 172 157 149 157 normal 0
230 142 240 142 240 151 230 151 cavity 0
127 136 145 136 145 158 127 158 normal 0
178 137 201 137 201 158 178 158 cavity 0
204 142 230 142 230 158 204 158 cavity 0
71 84 90 84 90 104 71 104 cavity 0
92 85 119 85 119 107 92 107 cavity 0
120 86 153 86 153 110 120 110 cavity 0