0 105 17 105 17 136 0 136 cavity 0
51 100.99999999999999 93 100.99999999999999 93 149 51 149 cavity 0
3 97 51 97 51 154 3 154 cavity 0
135 105 178 105 178 154 135 154 normal 0
224 98 264 98 264 162 224 162 normal 0
180 102.99999999999999 223 102.99999999999999 223 157 180 157 normal 0
94 104 134 104 134 156 94 156 normal 0
199 44 245 44 245 102 199 102 normal 0
139 48 197 48 197 102.99999999999999 139 102.99999999999999 cavity 0
25 52 68 52 68 100 25 100 normal 0
71 48 129 48 129 105 71 105 cavity 0
0 57 23 57 23 106 0 106 normal 0
249 72 264 72 264 104 249 104 normal 0