251.00000000000003 89 298 89 298 133 251.00000000000003 133 normal 0
206 96 254 96 254 133 206 133 normal 0
62 97 104 97 104 133 62 133 normal 0
159 98 206 98 206 133 159 133 normal 0
105.00000000000001 100 160 100 160 133 105.00000000000001 133 normal 0
295 103 337 103 337 133 295 133 normal 0
333 121 356 121 356 133 333 133 normal 0
190 9 266 9 266 54 190 54 cavity 0
9 19 49.00000000000001 19 49.00000000000001 74 9 74 cavity 0
311 24 348 24 348 72 311 72 cavity 0
55 17 104 17 104 81 55 81 cavity 0
342 15 380 15 380 87 342 87 cavity 0
266 22 318 22 318 82 266 82 cavity 0
103 5 188 5 188 101 103 101 cavity 0
0 33 20 33 20 81 0 81 cavity 0