28 156 61.00000000000001 156 61.00000000000001 196 28 196 normal 0
60 156 111 156 111 199 60 199 normal 0
164 158 199 158 199 197 164 197 normal 0
114.00000000000001 156 167 156 167 200 114.00000000000001 200 normal 0
5 161 28 161 28 209 5 209 normal 0
199 164 221 164 221 206 199 206 normal 0
122.00000000000001 39 172 39 172 87 122.00000000000001 87 cavity 0
70 40 118.99999999999999 40 118.99999999999999 86 70 86 cavity 0
171 44 203 44 203 85 171 85 cavity 0
32 43 71 43 71 88 32 88 cavity 0
201 57.00000000000001 222 57.00000000000001 222 84 201 84 cavity 0
4 48 30 48 30 99 4 99 cavity 0