46 53 64 53 64 70 46 70 cavity 0
65 52 85 52 85 71 65 71 cavity 0
172 56 183 56 183 69 172 69 cavity 0
141 55 156 55 156 70 141 70 cavity 0
156 56 175 56 175 75 156 75 cavity 0
110 57.00000000000001 135 57.00000000000001 135 74 110 74 cavity 0
93 57.00000000000001 110 57.00000000000001 110 84 93 84 cavity 0
43 65 59.00000000000001 65 59.00000000000001 80 43 80 cavity 0
75 62 92 62 92 85 75 85 cavity 0
159 68 175 68 175 79 159 79 cavity 0
126.00000000000001 64 145 64 145 84 126.00000000000001 84 cavity 0
57.00000000000001 65 75 65 75 85 57.00000000000001 85 cavity 0
143 68 161 68 161 83 143 83 cavity 0
111 70 127 70 127 83 111 83 cavity 0