202 100.99999999999999 242 100.99999999999999 242 133 202 133 cavity 0
37 111 69 111 69 132 37 132 cavity 0
206 131 258 131 258 174 206 174 cavity 0
21 133 65 133 65 173 21 173 cavity 0
137 8 177 8 177 44 137 44 normal 0
99 10 136 10 136 50.00000000000001 99 50.00000000000001 normal 0
170 22 197 22 197 46 170 46 cavity 0
79 25.000000000000004 104 25.000000000000004 104 50.99999999999999 79 50.99999999999999 cavity 0
184 43 221 43 221 74 184 74 cavity 0
54 52 88 52 88 78 54 78 cavity 0
196 77 232 77 232 99.00000000000001 196 99.00000000000001 cavity 0
42 85 83 85 83 108 42 108 cavity 0