62 98 86 98 86 122 62 122 cavity 0
98 99 123 99 123 123 98 123 cavity 0
169 102 208 102 208 127 169 127 cavity 0
146 103 170 103 170 131 146 131 cavity 0
128 107 147 107 147 131 128 131 cavity 0
168 123 205 123 205 150 168 150 cavity 0
64 57 89 57 89 85 64 85 cavity 0
27 58.99999999999999 48 58.99999999999999 48 93 27 93 cavity 0
89 65 117 65 117 89 89 89 cavity 0
170 66 195 66 195 105 170 105 cavity 0
0 74 19 74 19 104 0 104 cavity 0
113.99999999999999 76 156 76 156 105 113.99999999999999 105 cavity 0
136 77 170 77 170 109 136 109 cavity 0
11 75 46 75 46 114 11 114 cavity 0
37 74 62 74 62 115 37 115 cavity 0