193 101.99999999999999 221 101.99999999999999 221 136 193 136 normal 0
133 101 163 101 163 137 133 137 normal 0
70 99 99 99 99 139 70 139 normal 0
165 103 193.99999999999997 103 193.99999999999997 136 165 136 normal 0
103 101 134 101 134 140 103 140 normal 0
39 107 71 107 71 135 39 135 normal 0
223 104 250 104 250 143 223 143 normal 0
248 112 276 112 276 136 248 136 cavity 0
139 61 174 61 174 94 139 94 cavity 0
94 61 134 61 134 96 94 96 cavity 0
184 68 209 68 209 98 184 98 cavity 0
60 71 93 71 93 101 60 101 cavity 0
217.00000000000003 79 245 79 245 110 217.00000000000003 110 normal 0
28 78 59 78 59 116 28 116 normal 0
245 85 266 85 266 110 245 110 cavity 0