199 41 233 41 233 76 199 76 cavity 0
152 44 198 44 198 73 152 73 cavity 0
275 40 304 40 304 79 275 79 cavity 0
240 41 279 41 279 79 240 79 cavity 0
91 45 140 45 140 75 91 75 cavity 0
55 48 89 48 89 82 55 82 cavity 0
12 54 53 54 53 90 12 90 cavity 0
258 67 293 67 293 103.99999999999999 258 103.99999999999999 cavity 0
140 66 175 66 175 107 140 107 normal 0
105 66 139 66 139 109 105 109 normal 0
214 73 257 73 257 105 214 105 normal 0
177.00000000000003 69 213 69 213 109 177.00000000000003 109 normal 0
64 66 100 66 100 116 64 116 cavity 0
23 76 64 76 64 111 23 111 normal 0
0 72 20 72 20 118.00000000000001 0 118.00000000000001 cavity 0