263 85 523 85 523 385.00000000000006 263 385.00000000000006 cavity 0
94 133 297 133 297 372 94 372 cavity 0
489 121 715 121 715 389 489 389 cavity 0
0 106 136 106 136 420 0 420 cavity 0
673 179.00000000000003 892 179.00000000000003 892 424.99999999999994 673 424.99999999999994 cavity 0
856 189.00000000000003 1000 189.00000000000003 1000 472 856 472 cavity 0
108 448 251 448 251 620 108 620 cavity 0
223 499.99999999999994 399 499.99999999999994 399 657 223 657 cavity 0
369 503 528 503 528 667 369 667 cavity 0
504 504 677 504 677 667 504 667 cavity 0
648 526 810 526 810 667 648 667 normal 0
783 534 904 534 904 667 783 667 normal 0