220 125 235.00000000000003 125 235.00000000000003 167 220 167 normal 0
232 127.99999999999999 250 127.99999999999999 250 177 232 177 normal 0
251 127.99999999999999 277 127.99999999999999 277 185 251 185 normal 0
506 140 525 140 525 179 506 179 normal 0
487.99999999999994 141 512 141 512 180 487.99999999999994 180 normal 0
465 135 496.99999999999994 135 496.99999999999994 187 465 187 normal 0
314 127.99999999999999 371 127.99999999999999 371 202 314 202 normal 0
431 135 465.99999999999994 135 465.99999999999994 197 431 197 normal 0
278 138 314 138 314 195 278 195 normal 0
370 132 433 132 433 202 370 202 normal 0
253 181 276 181 276 206 253 206 normal 0
489 173 522 173 522 219 489 219 normal 0
465 173 498 173 498 225 465 225 normal 0
279 186 307 186 307 216 279 216 normal 0
308 191 346 191 346 221 308 221 normal 0
343 191 375 191 375 226 343 226 normal 0
409 193 444 193 444 225 409 225 normal 0
441 195 470.00000000000006 195 470.00000000000006 225 441 225 normal 0
374 198 414.00000000000006 198 414.00000000000006 226 374 226 normal 0