169 76 203 76 203 134 169 134 cavity 0
244 93 282 93 282 129 244 129 cavity 0
0 92.00000000000001 28 92.00000000000001 28 144 0 144 cavity 0
120 101 160 101 160 139 120 139 cavity 0
26 98 73 98 73 146 26 146 cavity 0
206 106 244 106 244 139 206 139 cavity 0
71 96 117 96 117 154 71 154 cavity 0
268 37 300 37 300 96.99999999999999 268 96.99999999999999 cavity 0
122.99999999999999 27.000000000000004 192 27.000000000000004 192 113.00000000000001 122.99999999999999 113.00000000000001 normal 0
202 31 269 31 269 110 202 110 normal 0
74 41 124 41 124 103 74 103 normal 0
15 38 74 38 74 106 15 106 normal 0