264 102 278 102 278 136 264 136 cavity 0
247 107.00000000000001 273 107.00000000000001 273 144 247 144 cavity 0
0 108 23 108 23 148 0 148 normal 0
172 108 203 108 203 149 172 149 normal 0
9 104 45 104 45 153 9 153 cavity 0
229 108 262 108 262 153 229 153 normal 0
200 107.00000000000001 236 107.00000000000001 236 160 200 160 normal 0
76 113.99999999999999 108.00000000000001 113.99999999999999 108.00000000000001 153 76 153 normal 0
141 115.00000000000001 173 115.00000000000001 173 162 141 162 normal 0
38 107.00000000000001 77 107.00000000000001 77 172 38 172 cavity 0
109 116 140 116 140 164 109 164 normal 0
195.99999999999997 21 235 21 235 79 195.99999999999997 79 normal 0
146 22 199 22 199 78 146 78 normal 0
43 28 84 28 84 76 43 76 normal 0
86 26 142 26 142 78 86 78 normal 0
236 20 266 20 266 86 236 86 normal 0
9 22 40 22 40 86 9 86 normal 0
267 39 277 39 277 88 267 88 normal 0
0 45 14 45 14 87 0 87 normal 0